58511
38880
4826
7575
63956
24516
38883
7545
4608
1221
7474
7606
2764
38195
4739
134145
38719
64098
9268
4817
38016
137409
4764
17978
10143
45671
23686
58580
38809
24130
17477
132825
9723
45437
7604
17766
9822
38456
56038
7490
45158
38561
136557
133612
4851
38622
38220
24479
58507
38333
17559
10084
9519
45780
45763
38790
134555
133480
133403
133045
132680
10223
9297
7600
7594
55803
55542
18117
135126
134743
134139
132789
132405
132113
9797
9650
9328
45838
23669
138466
131270
9667
9652
58907
58868
58473
56294
55811
4857
38084
18390
17732
136001
135513
134697
134090
58713
56307
55736
55581
45152
38858
38583
17535
138184
137549
136972
135060
134067
133530
133324
132847
132528
9749
9342
9313
7477
63850
58980
58894
55954
45768
45665
45510
37933
24313
24033
23943
23921
23871
136603
136577
136522
136521
136245
135668
134355
133930
132529
132330
9507
9443
9224
7175
63953
63920
59346
58750
55884
55555
55521
55359
4647
45931
45638
45411
24446
24443
17916
17898
135323
133859
133615
133548
133159
132245
132138
7546
56182
55486
55304
45577
38826
38611
23913
23747
18108
17473
139736
137847
137562
137079
136792
135895
135425
135294
134189
133898
133389
133120
133023
132895
132848
9310
7496
64044
63931
58591
58530
58464
45737
45240
38541
24541
24220
23965
136994
136784
135526
134980
133934
133739
133333
133326
133189
132491
10105
63971
58712
58589
56035
45594
45269
38172
24395
138511
137214
137199
135408
135406
135160
134688
134178
133881
133616
133509
133206
132808
131292
9648
9544
58989
58914
56284
56065
55766
55752
45828
38831
38289
17889
139838
139301
139049
138654
137575
136805
136398
135543
133525
133483
133173
132836
132145
132072
10083
9942
58940
56106
55651
45926
45447
38280
23858
23731
18255
136161
135415
135292
134503
134143
133873
133130
10214
9910
9795
9336
7598
58927
58716
58534
58505
55878
45481
45278
38829
38260
24507
23727
18398
17635
138525
134832
133863
132448
132394
132094
9823
7703
7628
55819
38749
38716
38714
38327
24008
18291
17802
140231
139623
138657
138209
138005
137426
136981
136518
136430
135559
135396
134844
134119
134075
133417
132627
132309
132097
10080
9745
7469
59368
58929
58408
56123
55865
4805
4804
4749
45448
45118
24315
24233
23763
18065
17667
140099
139909
137840
137016
136026
136019
134830
134369
133599
132533
131455
64089
45887
45762
38859
24436
24126
24093
23907
136037
135401
135352
132912
132740
132084
131476
9738
9714
9283
7718
63919
59324
59206
58431
56298
56270
56135
56079
55478
45270
45186
42382
24543
23918
23708
18037
17983
17734
137399
137273
136608
134589
132581
132576
132370
132000
9722
9716
9627
9564
9482
9479
9290
7551
63950
59383
59267
59204
58979
56265
56227
56178
56072
55923
55845
55506
55467
46069
45873
45852
45797
45160
38803
38559
37990
37978
24570
24322
24245
23745
18371
18369
18366
18292
18231
18000
17668
17659
139582
139355
138681
137938
137042
136988
136772
136741
136497
135548
135516
135302
134584
134408
134229
133876
133851
133767
133602
133501
133121
133019
133017
132896
132873
132863
132852
132798
132424
132389
132321
132257
132256
132071
132029
131998
131214
10129
10097
9881
9880
9792
9746
9672
9661
9518
9463
9449
9435
9417
9412
9398
9219
7699
7631
7550
7486
7471
64006
6262
59339
59256
58928
58915
58739
58735
58734
58687
58644
58634
58620
58606
58576
58545
58533
58509
58446
58422
56281
56271
56263
56210
56163
56131
56113
56105
56098
56058
56057
55941
55922
55861
55848
55834
55797
55762
55731
55707
55575
55567
55543
55532
55527
55525
55469
55456
55422
55419
55328
55302
4819
4802
46073
46014
45949
45937
45912
45875
45874
45872
45793
45692
45657
45626
45610
45603
45589
45570
45484
45418
45207
45188
38894
38836
38830
38825
38813
38796
38724
38572
38551
38549
38474
38438
38332
38330
38242
38232
38062
24517
24488
24437
24380
24341
24316
24305
24120
24118
24069
24039
24017
24007
23922
23863
23769
23744
23706
23681
204560
18431
18385
18380
18368
18363
18361
18234
18220
18165
18154
18030
17987
17918
17907
17906
17807
17765
17756
17741
17662
17545
17541
17461
17434
140550
140211
140070
139917
139897
139848
139845
139777
139760
139745
139740
139583
139578
139357
139352
139322
139290
139055
139006
138952
138945
138941
138940
138637
138633
138624
138572
138562
138559
138488
138475
138468
138455
138394
138372
138342
138337
138331
138214
138173
138165
138028
138007
138002
137971
137968
137896
137881
137863
137576
137558
137529
137525
137506
137470
137455
137442
137429
137395
137268
137242
137071
137060
137044
136976
136951
136931
136925
136913
136900
136819
136810
136774
136771
136604
136539
136490
136487
136471
136469
136460
136431
136392
136391
136265
136241
136165
136133
136044
136008
135879
135612
135558
135520
135497
135421
135359
135358
135347
135336
135332
135322
135301
135297
135275
135107
135024
135016
134999
134984
134754
134735
134679
134611
134610
134463
134406
134357
134245
134217
134188
134183
134164
134160
134149
134147
134141
134101
134093
134070
133958
133943
133940
133914
133885
133864
133787
133737
133736
133624
133618
133603
133546
133523
133438
133419
133415
133414
133394
133382
133321
133217
133216
133178
133171
133161
133146
133143
133133
133125
133122
133105
133094
133081
132914
132868
132835
132834
132733
132728
132718
132691
132626
132620
132616
132603
132594
132586
132481
132476
132469
132397
132382
132361
132345
132279
132263
132162
132160
132136
132102
132093
132077
132064
132055
132038
132020
132015
131999
131581
131462
131290
131264
131225
10234
10221
10213
10207
10145
10128
9984
9983
9913
9893
9556
9555
9547
9543
9517
9509
9499
9476
9472
9461
9460
9426
9421
9408
9348
7722
7720
7701
7647
7645
7637
7585
7579
7578
7573
7570
7566
7476
7467
64090
64056
64002
63992
63983
63974
63922
59376
59356
59330
59262
59246
58922
58921
58920
58916
58877
58869
58780
58740
58729
58723
58710
58707
58698
58696
58686
58681
58637
58613
58612
58611
58584
58582
58559
58532
58528
58525
58440
58434
58418
58414
58409
58372
56318
56305
56287
56228
56206
56203
56183
56132
56087
56081
56076
56074
56062
56037
56026
55924
55920
55876
55871
55870
55813
55796
55775
55773
55765
55754
55580
55564
55509
55491
55472
55455
55444
55411
55400
55366
55365
55358
55354
55337
55326
4858
4846
4841
4825
4822
4820
4801
4786
4778
4643
45962
45956
45953
45922
45917
45881
45871
45868
45867
45827
45824
45772
45744
45654
45627
45616
45615
45601
45583
45527
45491
45486
45460
45457
45444
45442
45434
45427
45347
45333
45277
45228
45226
45213
45212
45211
45201
45192
45171
45167
45162
45128
38911
38905
38903
38884
38863
38835
38597
38595
38582
38534
38495
38472
38470
38458
38447
38309
38302
38298
38295
38285
38269
38263
38236
38216
38170
38083
38076
38068
38066
38050
38049
38012
37998
37993
37988
37931
31732
2823
24565
24553
24542
24510
24502
24500
24480
24473
24434
24433
24375
24346
24338
24317
24303
24129
24110
24101
24092
24065
24061
24046
24021
24015
23993
23992
23938
23935
23886
23877
23859
23857
23854
23760
23733
23722
23721
23719
23704
23667
23652
23646
207543
1851
18405
18375
18349
18201
18191
18111
18110
18107
18064
18057
18055
17999
17985
17928
17925
17914
17899
17890
17829
17763
17755
17750
17728
17669
17654
17632
17562
17551
17498
17496
17481
17463
17446
140382
140381
140327
140325
140097
140074
140065
140064
140060
140047
139930
139891
139869
139843
139785
139768
139747
139737
139723
139715
139699
139696
139666
139665
139664
139661
139633
139627
139615
139612
139607
139603
139597
139592
139581
139465
139360
139342
139337
139304
139289
139288
139287
139284
139273
139267
139253
139246
139222
139221
139214
139084
139069
139050
139047
139045
139037
139002
139000
138988
138977
138928
138908
138683
138680
138677
138662
138661
138653
138642
138613
138592
138583
138568
138563
138537
138503
138502
138499
138498
138493
138490
138484
138477
138460
138447
138390
138386
138367
138363
138354
138332
138326
138323
138216
138207
138206
138201
138180
138034
138017
138013
137980
137965
137916
137907
137906
137903
137900
137898
137864
137852
137844
137841
137837
137822
137814
137544
137536
137534
137522
137473
137460
137457
137433
137421
137400
137391
137390
137388
137254
137250
137244
137234
137232
137231
137222
137204
137192
137188
137073
137070
137057
137054
137036
137025
137006
136977
136971
136966
136954
136924
136912
136895
136818
136804
136788
136770
136760
136757
136753
136735
136731
136623
136616
136614
136612
136609
136596
136589
136585
136580
136571
136549
136529
136496
136478
136456
136424
136423
136414
136405
136397
136388
136386
136385
136277
136264
136247
136242
136232
136226
136218
136206
136203
136201
136187
136183
136154
136152
136144
136142
136140
136136
136135
136132
136036
136020
136016
136013
136000
135898
135897
135894
135893
135892
135890
135887
135880
135878
135675
135672
135662
135655
135653
135639
135634
135627
135625
135603
135601
135585
135583
135555
135545
135512
135399
135368
135351
135350
135326
135321
135317
135313
135289
135287
135168
135165
135153
135150
135148
135137
135127
135121
135118
135117
135108
135106
135105
135104
135099
135088
135051
135050
135046
135044
135039
135018
135015
134994
134987
134985
134982
134949
134808
134791
134787
134778
134748
134747
134733
134725
134724
134709
134680
134678
134531
134530
134441
134427
134424
134409
134367
134347
134242
134218
134203
134181
134179
134163
134155
134133
134123
134115
134111
134096
134081
134076
134065
134063
134061
133935
133925
133901
133895
133853
133792
133758
133730
133627
133584
133582
133556
133553
133544
133542
133538
133536
133534
133494
133493
133435
133431
133429
133413
133409
133407
133397
133371
133332
133212
133196
133175
133156
133145
133138
133129
133104
133102
133093
133091
133085
133080
133062
133061
133057
133053
133050
133048
133047
133046
133044
133040
133030
133015
132909
132908
132906
132902
132894
132858
132812
132791
132724
132713
132710
132706
132703
132693
132682
132619
132611
132583
132582
132578
132577
132544
132532
132498
132484
132473
132458
132433
132430
132419
132416
132368
132360
132355
132315
132299
132269
132266
132230
132217
132205
132158
132044
132030
132018
132007
131480
131478
131474
131466
131446
131316
131315
131312
131295
131294
131286
131282
131268
131230
131220
131197
131182
131109
131107
131088
10235
10218
10152
10150
10148
10115
10113
10106
10025
10023
57755
56755
24242
207394
17719
140603
136489
135888
133749
133381
132060
