58511
38880
4826
7575
63956
24516
38883
7545
4608
1221
7474
7606
2764
38195
4739
134145
38719
64098
9268
4817
38016
137409
4764
17978
10143
45671
23686
58580
38809
24130
17477
132825
9723
45437
7604
17766
9822
38456
56038
7490
45158
38561
136557
133612
4851
38622
38220
24479
58507
38333
17559
10084
9519
45780
45763
38790
134555
133480
133403
133045
132680
10223
9297
7600
7594
55803
55542
18117
135126
134743
134139
132789
132405
132113
9797
9650
9328
45838
23669
138466
131270
9667
9652
58907
58868
58473
56294
55811
4857
38084
18390
17732
136001
135513
134697
134090
58713
56307
55736
55581
