4809
132203
24429
4134
45102
131477
55967
4837
139589
4847
4808
63541
17621
4812
58879
9808
4538
63631
7497
4842
139742
133846
133865
24400
56048
134098
63648
9929
23724
138995
17623
17457
24490
133492
56040
45090
24413
135365
133731
4811
37963
24151
58466
56046
56041
55990
24138
23911
23848
135629
10212
9394
59078
59045
59019
17622
136958
131486
9535
55992
38365
38283
24406
24133
17428
56006
4813
45587
45110
38345
24547
24489
139734
133219
9939
9809
58593
58536
58461
4816
37965
23650
139611
136782
63673
63612
58541
58519
56001
55996
45062
38379
24445
24444
24409
17816
132525
9814
9308
63646
56282
56044
56013
55994
45079
38381
38375
38057
23844
18245
17430
138950
138607
138538
136237
134774
133111
9812
9298
63705
63679
63629
63617
63570
63549
63531
59083
59043
58866
58850
58811
56042
56015
55966
55960
55956
55468
38587
38372
38358
38339
38027
24430
24427
24424
24137
24134
23910
23853
23771
18257
18243
17964
17775
17638
139726
138421
137735
137687
137686
136189
135061
134761
134417
133952
133119
131530
9811
9810
9807
9805
9803
9405
9389
9306
7641
64021
63701
63678
63641
63634
63615
63603
63582
63580
63561
63554
63548
63545
63535
59074
59073
59067
59065
59050
59049
59048
59037
59029
59012
59009
58862
58563
58542
58448
56047
56019
56012
56011
56005
56003
56002
56000
55982
55973
55971
55958
4835
4789
4611
45101
45087
45080
45075
45071
45061
45057
38834
38564
38380
38378
38370
38364
38342
38341
38340
37969
37958
37957
37943
37942
37937
24495
24421
24364
24361
24348
24147
24143
24139
18241
18239
18118
17969
17962
17799
17781
17739
139774
139721
139177
139061
139057
138698
138457
138407
138371
138029
137813
137787
137782
137767
137745
137715
137710
137702
137697
136758
136600
136190
136188
136160
136146
135363
135357
134981
134810
134756
134542
134420
134419
134238
134169
133774
133465
132510
132437
131578
131558
131519
131482
131325
10206
9802
9801
9406
9401
9392
9391
7640
63838
63835
63727
63722
63711
63697
63696
63691
63690
63689
63677
63655
63636
63620
63598
63590
63583
63581
63571
63565
63555
63530
59077
59072
59057
59056
59034
59033
59022
59011
59010
59003
58962
58860
58854
58852
58844
58842
58834
58571
58543
58540
58520
58518
58517
56292
55998
55986
55959
55786
55461
55439
4859
45113
45093
45086
45084
45083
45074
45073
45070
45069
45064
45058
38367
38363
38346
38238
38019
37970
37936
24575
24564
24428
24422
24416
24376
24371
24369
24367
24363
24362
24358
24357
24356
24355
24353
24352
24350
24349
24141
23852
23851
23842
23840
23839
18244
18242
17968
17966
17897
17776
17633
17490
17429
139767
139635
139584
139266
139220
139203
139201
139189
139183
139182
139180
139179
139178
139112
139091
139090
139018
139007
138982
138542
138378
138369
137946
137882
137806
137804
137788
137785
137784
137764
137762
137761
137759
137758
137753
137746
137699
137698
137695
137694
137693
137692
137690
137689
137571
137547
137539
137218
136959
136766
136390
136200
136195
136194
136193
136192
136191
136180
135646
135006
134772
134771
134770
134769
134768
134766
134765
134764
134763
134762
134671
134602
134543
134418
133926
133776
133775
133513
133475
133194
133118
132553
132153
132147
131577
131562
131541
131538
131536
131525
131524
131506
131503
131497
131495
131134
10111
9886
9800
59265
59201
59069
59068
59000
55962
55826
55641
45576
45275
37972
24487
24372
24368
24360
24302
24239
24149
24144
209100
140498
140362
140219
139839
139833
139796
139787
139781
139618
139474
139462
139328
139317
139249
139248
139226
139216
139205
139073
139023
139019
138990
138914
138667
138211
138166
137805
137799
137726
137410
137256
136197
134993
133512
132352
132294
131521
131137
