4809
132203
24429
4134
45102
131477
55967
4837
139589
4847
4808
63541
17621
4812
58879
9808
4538
63631
7497
4842
139742
133846
133865
24400
56048
134098
63648
9929
23724
138995
17623
17457
24490
133492
56040
45090
24413
135365
133731
4811
37963
24151
58466
56046
56041
55990
24138
23911
23848
135629
10212
9394
59078
59045
59019
17622
136958
131486
9535
55992
38365
38283
24406
24133
17428
56006
4813
45587
45110
38345
24547
24489
139734
133219
9939
9809
58593
58536
58461
4816
37965
23650
139611
136782
63673
63612
58541
58519
56001
55996
45062
38379
24445
24444
24409
17816
132525
9814
9308
63646
