7195
52320
13489
18678
19429
262191
14080
3816
262186
27951
27817
265705
10299
7087
52330
27975
27989
263210
22698
52467
262220
262163
14187
52488
27941
27845
27810
269804
267788
266860
266849
26619
265696
263691
61499
61463
52269
28085
27992
27650
267893
267869
267841
267777
266816
26605
265833
264796
264659
264646
263804
263798
262928
14867
64122
61498
61467
61457
52334
52258
52256
52247
3603
27855
27837
27763
27731
27663
269907
269895
269755
269746
267919
267890
267832
267823
267810
267796
267757
267708
267678
266877
266869
266868
266862
26611
265693
265688
265682
264842
264829
264805
264762
264647
263836
263802
263731
263680
263227
262930
