7195
52320
13489
18678
19429
262191
14080
3816
262186
27951
27817
265705
10299
7087
52330
27975
27989
263210
22698
52467
262220
262163
14187
52488
27941
27845
27810
269804
267788
266860
266849
26619
265696
263691
61499
61463
52269
28085
27992
27650
267893
267869
267841
267777
266816
26605
265833
264796
264659
264646
263804
263798
262928
14867
64122
61498
61467
61457
52334
52258
52256
52247
3603
27855
27837
27763
27731
27663
269907
269895
269755
269746
267919
267890
267832
267823
267810
267796
267757
267708
267678
266877
266869
266868
266862
26611
265693
265688
265682
264842
264829
264805
264762
264647
263836
263802
263731
263680
263227
262930
262215
262214
21578
11237
8163
8026
5722
52464
52456
52434
52335
28070
28039
27937
27921
27864
27831
27805
27753
27695
269885
269867
269855
269822
269777
269743
269742
269737
267902
267857
267855
267842
267807
267799
267790
267769
267755
267691
267682
266903
266848
266832
266774
266747
266737
266736
265861
265855
265652
264835
264803
264799
264782
264718
264714
264693
264653
264648
263819
263710
263202
262929
262261
262245
262226
262158
23246
22368
134388
11581
10620
269850
269845
267928
266906
263719
14970
