3257
61955
13237
33891
50629
24961
25220
29140
8881
34549
49697
15763
34854
205112
64475
553
199938
8560
206356
3320
205614
6695
8767
9145
6805
680
6724
24940
34309
25291
39063
8422
13101
12759
31529
29686
12306
47447
48821
20773
48200
21263
8365
15943
16097
60294
21385
12731
48519
20676
20647
48173
42184
34953
25394
203724
12329
47195
3209
61157
20886
8859
12693
198930
9029
31025
24637
8804
9063
24989
196610
31078
20640
51167
203968
207063
12355
42652
12337
31400
12897
6735
5605
12312
9136
29014
12360
8893
60169
15598
9211
28876
21473
199163
12676
44066
60522
59507
58010
39090
