3257
61955
13237
33891
50629
24961
25220
29140
8881
34549
49697
15763
34854
205112
64475
553
199938
8560
206356
3320
205614
6695
8767
9145
6805
680
6724
24940
34309
25291
39063
8422
13101
12759
31529
29686
12306
47447
48821
20773
48200
21263
8365
15943
16097
60294
21385
12731
48519
20676
20647
48173
42184
34953
25394
203724
12329
47195
3209
61157
20886
8859
12693
198930
9029
31025
24637
8804
9063
24989
196610
31078
20640
51167
203968
207063
12355
42652
12337
31400
12897
6735
5605
12312
9136
29014
12360
8893
60169
15598
9211
28876
21473
199163
12676
44066
60522
59507
58010
39090
21413
207968
12941
12843
8763
16024
8648
47215
41412
39257
28676
201701
197071
8391
15743
43623
205844
42605
12480
203536
15933
12732
42965
34966
21336
20546
50533
35258
29670
29037
12399
5409
25560
199284
8878
51483
48152
34868
59675
50469
25279
203507
5539
49024
15456
12440
51795
33848
198726
15366
8741
56357
34432
21161
201283
201213
61266
50061
200185
9022
200187
196714
12680
58243
41289
34788
61244
30766
199421
13045
9197
60664
43341
35710
25068
209400
197063
8319
39702
25415
20830
196922
15960
34086
12748
60979
25081
8469
33843
28748
24679
202707
12531
8879
29413
29141
205591
50324
196819
62023
56381
31317
25516
20633
20686
200924
20783
206825
198967
13054
48303
43509
29624
197524
12886
51324
198018
62336
49009
34895
206813
205881
201764
196954
12625
47372
44974
28801
196968
42102
12923
12808
62365
50343
21476
20792
206479
202885
200062
16316
13132
8823
35205
34624
31103
29404
206313
205388
198570
197965
197915
20849
51531
12510
51862
5430
2857
200278
205530
57353
12931
20810
57537
39835
209844
15925
207419
51492
210222
31334
13150
12586
29551
199610
34924
30823
209152
202409
207491
208059
48918
200462
207439
203125
201709
13247
52088
204035
8495
48484
20694
13039
15388
61430
8687
207671
29505
34154
209114
12822
8793
47138
42596
35366
209263
203969
15580
59752
48039
34764
31572
24640
207306
13157
24657
207921
57821
51058
205272
57407
50050
49296
209209
203123
196624
15844
35833
35548
20791
206423
197473
8360
48991
41399
200275
41998
205597
202539
201222
51191
39138
34171
20880
204188
29394
29259
12817
203478
34225
208236
205811
201785
51906
202265
16218
39083
198913
15594
24973
16075
61381
40999
38948
62086
48582
204786
12431
9066
50472
35039
15945
8820
44194
33811
3331
203329
47244
41108
29066
24993
202566
12611
30962
30742
199714
199118
198225
12888
62193
58092
49933
49492
48951
48328
47777
43503
41707
39614
31276
21150
203593
199645
8375
62194
59780
51224
50372
48145
44700
35829
30721
28753
25504
24926
210198
209218
202540
201026
15644
15372
12502
8222
6907
62310
61333
57610
56737
51922
48777
48284
44239
44071
35701
25074
209894
208340
207234
20677
204911
201962
196763
16205
13135
12512
9188
8569
60316
60181
51402
48823
44569
42989
42962
41391
41307
39892
39783
39151
35163
35053
34372
34296
29488
24582
208006
207888
206618
202894
202269
16202
15725
12348
9189
8561
8373
8208
6900
6659
60254
59790
57154
51044
50873
50017
49855
49532
48483
47444
45031
44258
44229
42699
42442
42263
39378
34928
34219
34088
33988
31450
31399
31371
31147
25432
25058
24764
20805
205103
204053
204028
203759
203228
202746
202113
202108
201284
201035
200303
200086
199928
199877
199354
198710
16378
13289
12857
12571
12466
12374
9182
9067
8956
8925
8805
8549
8351
62407
62341
61083
61003
60955
60789
60175
60091
58323
57684
57395
57335
56912
5521
5501
51527
51401
51114
50964
50824
50030
49854
49609
49216
49034
48778
48596
47487
47347
47274
44973
44949
44545
44355
44180
43566
43354
42840
42730
41961
41893
41723
41504
40988
39538
39290
39115
38963
38938
35803
35776
35657
34985
34982
34878
34568
34460
34191
34156
34125
33940
33933
33873
31498
31197
31055
29423
29018
28979
28961
25418
25276
24956
24939
24909
24766
21461
21235
21158
21080
210203
209981
20899
208924
208476
20755
207098
206437
205795
205769
20572
205519
205356
205184
204990
204989
204980
204680
204672
204472
204135
204109
204080
204038
203924
203520
202435
201874
201832
201672
201652
201609
201492
201463
201396
200801
200715
200561
200291
199597
199578
199188
199121
199104
198818
197975
197637
197269
16188
15894
15817
15726
15613
15540
15368
13246
13167
13043
12853
12726
12665
12579
12470
12460
12437
12379
12331
9183
9163
9135
9099
9059
9030
8794
8792
8735
8649
8520
8481
8450
8303
6833
6786
6733
6687
6595
62460
62434
62291
62230
61969
61967
61415
61377
61352
61343
61310
61303
61273
61153
61114
60997
60845
60824
60799
60774
60669
60574
60538
60481
60454
60441
60400
60393
60351
60344
60305
60272
60209
60063
60044
59971
59785
59775
59710
58346
58329
58265
58234
58149
57939
57667
57607
57548
57437
57433
57376
57224
57094
57087
57037
56984
56948
56919
56876
56801
56719
56636
56532
56505
56440
5517
5464
5401
52012
51978
51871
51839
51834
51733
51673
51567
51496
51417
51379
51378
51364
51242
51169
51137
51127
51087
51057
51053
50978
50943
50621
50508
50462
50458
50455
50441
50407
50216
50179
50143
50076
50034
49956
49885
49756
49739
49696
49651
49639
49603
49523
49473
49464
49436
49435
49312
49294
49275
49274
49234
49220
49086
49081
48585
48572
48545
48344
48324
48295
48290
48153
48139
47992
47877
47846
47826
47815
47717
47706
47661
47518
47446
47435
47369
47340
47309
47297
47295
47261
45034
45012
44946
44880
44819
44817
44510
44499
44486
44404
44365
44298
44225
44215
44156
44152
44131
44064
44018
43857
43850
43847
43755
43536
43455
43453
43353
43305
43304
43243
43186
43155
43140
43066
43033
42856
42745
42691
42388
42366
42274
42249
42215
42196
42166
42063
42008
41969
41958
41955
41926
41886
41814
41717
41700
41699
41698
41587
41585
41527
41514
41431
41213
41163
41110
41086
40976
40967
39795
39588
39441
39380
39373
39291
39227
39218
39209
39170
39100
39077
38988
38927
38914
35739
35724
35721
35679
35675
35515
35501
35402
35391
35350
35242
35227
35207
35170
35117
35065
35062
35061
35044
34929
34906
34793
34773
34722
34564
34548
34520
34457
34455
34453
34439
34386
34308
34256
34240
34173
34127
34015
33896
33846
33828
33824
3278
31723
31722
31705
3163
31614
31596
31589
31550
31521
31517
31481
31438
31352
31285
31259
31186
31100
31098
31056
31049
30915
30800
30791
30787
30774
29682
29627
29560
29515
29507
29494
29484
29373
29367
29317
29316
29298
29239
29236
29192
29145
29042
29010
29008
28940
28932
28880
28879
28731
28693
28674
2861
2792
25538
25486
25481
25419
25411
25317
25260
25115
25109
25102
25054
25039
25038
24978
24868
24861
24845
24840
24833
24824
24786
24635
24632
24590
21467
21355
21247
21234
21197
21192
21173
21083
210326
210303
210183
210137
210098
210044
209991
209917
209915
209824
209781
209772
209744
209729
209707
209706
209694
209689
209620
209537
209379
209163
209122
209056
209044
20902
209015
209014
208929
208927
208868
208810
208766
208676
208665
208653
208571
208549
208545
208517
208508
208452
208175
208122
208106
20795
207805
20775
207749
207686
20765
207597
207572
207436
207400
20740
207248
207210
207193
207180
207010
206970
206936
206917
206906
206761
206620
206597
206549
206545
206497
206441
206374
206341
206303
206285
206274
206266
206246
206240
206231
206219
206196
206149
206141
206080
206075
206063
205973
205931
205927
205890
205887
205854
205824
205807
205790
205785
205766
205764
205700
20570
205691
205680
205661
205660
20561
205543
205542
205527
205505
205496
205477
205411
205390
205376
205366
205365
205310
205287
205249
205186
205046
205033
204977
204924
20488
204877
204796
204764
204704
204702
204681
204673
204612
204597
204577
204527
204512
204296
204253
204233
204195
204147
204138
204110
204073
204065
204061
204052
204008
203986
203970
203947
203865
203819
203776
203621
203604
203592
203441
203437
203427
203412
203347
203325
203293
203175
203144
203085
203017
203015
202946
202810
202789
202784
202753
202741
202716
202694
202526
202401
202333
202329
202283
202271
202217
202186
202077
202040
202034
201917
201886
201878
201845
201729
201707
201698
201685
201674
201554
201545
201543
201530
201438
201370
201339
201318
201291
201208
201206
201155
201142
201066
201014
200978
200943
200941
200931
200846
200777
200770
200739
200703
200692
200657
200599
200576
200567
200548
200511
200423
200402
200377
200374
200325
200297
200183
200093
200081
200003
199880
199876
199829
199801
199786
199753
199306
199294
199273
199271
199114
199090
198996
198904
198870
198807
198672
198656
198635
198521
198333
198311
198296
198264
198218
198205
198145
198041
197932
197874
197777
197729
197593
197558
197509
197491
197365
197346
197334
197297
197252
197242
197208
197202
197164
197157
197095
197047
197008
196932
196870
196731
196636
16365
16360
16313
16151
16107
16001
15866
15790
15779
15753
15698
15657
15590
15550
15518
15506
15499
15495
15492
15486
15465
15451
15446
15415
133924
13251
13130
13115
13040
13012
13010
12964
12907
12830
12816
12813
12801
12657
12655
12643
12610
12598
12581
12557
12422
12404
12371
12316
12298
12291
9175
9132
9083
9020
9007
8972
8937
8899
8875
8874
8590
8519
8489
8454
8442
8405
8354
8292
8223
8204
6878
64473
64446
64427
62359
62317
62297
62204
62177
62075
61987
61439
61183
61162
61063
60991
60776
60767
60689
60576
60380
60295
60264
60235
60220
60167
60164
60128
60123
60025
60010
60003
59965
59921
59843
59592
59568
58211
58129
58106
58069
57911
57892
57838
57837
57739
57648
57533
57342
57317
57243
57190
57115
57089
56942
56896
56863
56813
56788
56411
56382
5630
5520
5439
5427
52158
52113
51887
517
51699
51467
51215
51201
51176
51160
50905
50800
50768
50696
50642
50611
50595
50575
50524
50495
50389
50332
50307
50198
50145
50075
50064
49957
49871
49836
49745
49552
49499
49494
49225
49192
49130
48543
48387
48360
48301
48154
48132
48111
48097
48049
47897
47832
47700
47696
47641
47610
47584
47491
47488
47432
47409
47279
47208
45047
44972
44833
44780
44716
44645
44450
44438
44409
44335
44307
44231
44207
44177
44164
44023
44003
43980
43978
43911
43910
43902
43868
43722
43701
43659
43397
43329
43292
43193
43150
42886
42873
42821
42777
42726
42698
42562
42464
42360
42311
42290
42283
42221
42202
42197
42034
42011
41981
41941
41821
41731
41637
41179
41167
41040
40971
39913
39852
39706
39535
39519
39363
39080
39035
38943
3624
35811
35784
35704
35684
35677
35618
35388
35368
35329
35321
35309
35292
35265
35244
35208
35151
35145
35042
35003
34834
34813
34701
34685
34646
34614
34591
34553
34531
34461
34381
34247
34213
34172
34090
34051
34031
34011
33984
33832
33814
33808
3337
3271
3247
31735
31671
31518
31396
31348
31333
31184
31054
31010
31007
30941
30825
29570
29510
29486
29471
29408
29341
29339
29308
29252
29224
29178
29108
29105
29083
28918
28902
28714
2773
25579
25325
25254
25181
25167
25128
25101
25063
24898
24884
24836
24694
24639
21501
21499
21382
213392
213367
213325
213300
21207
21198
21063
21032
210304
210298
21026
210249
210236
210217
210214
210143
210070
209979
209953
209943
209891
209877
209859
209846
209813
20980
209793
209740
209715
209671
209610
209585
209545
209509
209480
209432
209405
209375
209335
209322
209270
209232
209224
209216
209185
20918
209169
209151
209148
209110
209089
