9498
4755
55410
45820
9583
134512
18101
132215
17762
55824
9829
9730
45117
18229
17665
55352
133296
55836
18002
45194
132116
55644
58678
17439
132770
59162
133275
17917
17903
10029
9558
45769
24029
9885
136334
133311
133001
64067
24554
133255
17625
133680
9830
17465
133720
58965
46071
24186
137098
136634
133676
132779
38191
23860
135817
133234
132335
7633
58762
137166
137085
134872
134014
133661
133648
132774
58664
135834
134006
132717
132559
58640
56268
45432
45184
17466
135795
134326
134316
133295
131235
58765
45804
45609
45528
38457
24084
138296
137650
136374
136360
135851
135760
135718
134877
134674
133278
9430
59165
58906
58898
55470
24109
17754
17483
17426
139195
138520
137678
136377
135772
135735
135724
135232
134411
134042
134033
133982
133301
133299
132762
132220
131442
45942
45916
45854
45815
45625
45596
45582
38058
24471
24309
24222
23664
17813
17771
138311
137132
136284
135751
134858
134312
134012
133989
133951
133011
132787
132384
9752
64088
58969
58902
58659
58590
58419
58405
55832
55705
55448
55429
45694
45663
45661
45284
45148
38573
38571
38546
38266
38174
38029
2697
18211
18209
18196
17825
17747
17488
139035
138737
137653
137619
136712
136685
136373
135684
135257
134937
134928
134926
134884
134855
134375
134246
134055
134053
134026
134021
134004
132976
132772
132763
132497
132351
132323
132308
132137
131169
9836
59188
59183
59179
59164
58714
58700
58457
56290
56272
56201
56093
56061
55862
55847
55839
55764
55717
55712
55507
55494
55441
55341
55333
4758
45954
45655
45648
45574
45573
45415
45264
45235
45232
38902
38476
38207
38204
38185
38000
24574
24539
24515
24332
24216
23901
23682
17810
17753
17453
17447
140108
139540
139478
138290
138154
137972
137671
137638
137598
137588
137494
137135
137115
137109
137004
136946
136692
136651
136642
136449
136319
136308
136297
136271
136166
135877
135866
135845
135844
135820
135814
135802
135762
135761
135722
135422
135253
135247
135245
135244
135243
135242
135214
135212
135183
135139
135086
135036
134910
134909
134334
134319
134305
134287
134285
134279
134264
134254
134041
134036
134032
134020
134000
133984
133974
133971
133969
133966
133718
133715
133664
133593
133309
133287
133262
133248
133246
132986
132968
132958
132957
132956
132948
132867
132785
132783
132768
132567
132566
132556
132413
132388
132378
132346
132296
132150
132135
132108
132004
131458
131265
131262
131255
131215
131210
10225
10125
9653
9580
9540
9414
9396
9285
9223
63935
59261
59196
59195
59194
59189
59185
59163
58976
58966
58875
58872
58759
58703
58702
58641
58608
58522
58371
56283
56209
56193
56166
56110
56108
56107
56077
56056
55947
55814
55806
55780
55779
55757
55709
55578
55574
55570
55563
55510
55479
55474
55459
55433
55428
55353
4797
46068
45927
45885
45857
45853
45851
45850
45825
45801
45775
45767
45765
45760
45749
45747
45742
45666
45649
45644
45636
45635
45536
45535
45526
45519
45518
45469
45466
45433
45357
45350
45337
45272
45271
45243
45219
45202
45189
45154
45119
38874
38799
38743
38720
38594
38557
38538
38536
38529
38468
38314
38310
38306
38275
38261
38241
38233
38224
38188
38053
38021
24558
24501
24485
24448
24397
24327
24178
24103
24080
24055
24041
24003
23994
23976
23872
23772
23768
18225
18223
18207
18120
18008
17908
17648
17624
17443
17436
140230
140174
140171
140158
139911
139864
139703
139569
139541
139539
139538
139535
139529
139520
139508
139504
139497
139490
139488
139463
139320
139234
139211
139066
138957
138798
138797
138788
138787
138786
138785
138783
138775
138760
138759
138755
138752
138739
138734
138733
138729
138720
138718
138716
138712
138711
138710
138709
138706
138696
138639
138425
138411
138389
138317
138315
138310
138309
138285
138280
138278
138277
138272
138270
138259
138251
138250
138235
138176
138035
137956
137681
137677
137675
137673
137672
137665
137655
137651
137642
137641
137639
137636
137632
137623
137622
137621
137617
137611
137604
137594
137590
137225
137176
137174
137173
137172
137163
137160
137155
137154
137151
137149
137144
137139
137134
137131
137130
137128
137125
137121
137117
137116
137111
137108
137102
137100
137095
137093
137088
137084
137027
136987
136926
136902
136890
136814
136716
136704
136700
136698
136696
136690
136684
136683
136679
136674
136669
136667
136666
136659
136656
136648
136639
136633
136626
136590
136481
136475
136447
136440
136437
136372
136371
136370
136358
136357
136355
136342
136337
136336
136335
136332
136326
136325
136324
136323
136313
136312
136309
136304
136302
136299
136294
136285
136283
136252
136179
136172
136153
136138
135872
135871
135862
135858
135857
135855
135853
135852
135850
135849
135848
135837
135833
135826
135821
135818
135815
135804
135798
135794
135792
135788
135786
135780
135777
135775
135769
135767
135763
135757
135755
135754
135753
135748
135744
135737
135732
135728
135727
135723
135715
135712
135703
135700
135699
135693
135688
135681
135569
135563
135500
135397
135299
135269
135267
135263
135262
135261
135259
135255
135239
135238
135234
135229
135227
135224
135217
135208
135207
135206
135205
135202
135197
135194
135191
135186
135184
135181
135180
135179
135133
135082
135031
134964
134945
134943
134938
134934
134933
134931
134927
134922
134917
134916
134911
134907
134900
134896
134894
134886
134885
134883
134874
134866
134863
134862
134861
134854
134819
134803
134796
134793
134513
134452
134426
134344
134343
134341
134340
134338
134325
134322
134310
134307
134306
134297
134293
134290
134284
134278
134277
134269
134258
134251
134249
134225
134173
134122
134060
134054
134043
134029
134028
134027
134024
134019
134016
134009
134003
134001
133999
133997
133995
133994
133990
133986
133985
133980
133973
133972
133968
133967
133964
133872
133768
133725
133724
133712
133708
133699
133695
133686
133685
133684
133679
133674
133673
133671
133669
133660
133659
133657
133653
133651
133650
133647
133644
133643
133597
133591
133506
133505
133469
133388
133386
133315
133306
133303
133297
133291
133282
133280
133276
133269
133258
133257
133249
133244
133241
133240
133238
133235
133231
133228
133088
133087
133055
133037
133036
133028
133010
133007
133006
133005
132994
132991
132988
132974
132971
132970
132965
132964
132962
132961
132960
132954
132952
132950
132944
132943
132938
132937
132934
132933
132923
132893
132878
132781
132771
132764
132761
132760
132754
132751
132711
132613
132568
132564
132562
132557
132540
132539
132527
132524
132520
132507
132485
132453
132441
132428
132423
132417
132414
132401
132343
132329
132303
132278
132272
132239
132152
132151
132121
132089
132075
132052
132043
132028
131993
131787
131473
131459
131302
131283
131269
131256
131232
131181
131170
10215
10121
9941
9796
9501
9238
9227
59379
59335
59327
59221
59216
59215
59197
59193
59171
59170
59169
59167
59161
58986
58984
58972
58971
58967
58964
58963
58954
58909
58903
58880
58764
58763
58758
58693
58597
58594
58537
58442
58429
58428
56315
56312
56285
56224
56211
56202
56124
55918
55879
55804
55782
55756
55741
55740
55734
55711
55577
55566
55529
55446
55296
45955
45915
45884
45830
45813
45670
45624
45591
45566
45525
45513
45417
45335
45210
45205
45150
38872
38857
38810
38746
38625
38615
38596
38461
38312
38271
38219
38015
37934
24560
24392
24391
24049
23984
23957
23770
23658
18166
18105
17913
17912
17820
17803
17748
17495
17423
140269
140242
140218
140173
140155
139884
139794
139788
139707
139684
139631
139575
139572
139571
139565
139564
139562
139561
139559
139558
139554
139552
139550
139549
139545
139542
139537
139536
139534
139533
139528
139526
139524
139523
139522
139521
139517
139516
139514
139513
139509
139507
139502
139498
139486
139484
139483
139480
139479
139477
139331
139269
138922
138801
138800
138794
138790
138789
138784
138782
138781
138779
138778
138777
138776
138774
138772
138770
138769
138768
138767
138764
138763
138762
138761
138758
138756
138754
138750
138749
138747
138746
138745
138743
138741
138740
138738
138736
138735
138731
138730
138728
138727
138726
138719
138717
138714
138708
138671
138565
138439
138364
138329
138327
138318
138316
138313
138312
138304
138302
138301
138300
138299
138297
138294
138293
138292
138291
138289
138287
138282
138279
138276
138275
138267
138264
138263
138262
138261
138260
138254
138253
138252
138249
138248
138247
138246
138245
138242
138241
138240
138239
138237
138236
138232
138231
138229
138227
138225
138223
138221
138220
138162
138161
138155
138012
137978
137950
137836
137682
137679
137674
137670
137668
137667
137666
137662
137661
137660
137659
137658
137656
137654
137652
137649
137648
137646
137635
137634
137633
137631
137630
137628
137627
137626
137625
137624
137620
137615
137612
137610
137609
137608
137607
137606
137605
137602
137601
137596
137593
137592
137591
137587
137586
137504
137488
137428
137389
137282
137211
137191
137181
137180
137178
137171
137169
137167
137165
137162
137159
137158
137156
137153
137152
137150
137147
137146
137145
137143
137142
137138
137136
137129
137126
137124
137118
137113
137112
137110
137107
137106
137104
137101
137099
137096
137092
137087
136956
136932
136894
136724
136723
136722
136721
136720
136719
136715
136714
136713
136711
136710
136708
136707
136706
136705
136702
136701
136699
136697
136688
136682
136680
136673
136672
136671
136670
136665
136664
136662
136657
136655
136654
136652
136649
136646
136645
136644
136643
136637
136636
136635
136632
136630
136629
136625
136622
136575
136376
136375
136368
136366
136365
136364
136363
136362
136361
136359
136356
136354
136353
136352
136349
136347
136346
136345
136344
136343
136339
136338
136333
136331
136330
136328
136327
136322
136320
136318
136317
136314
136311
136306
136305
136303
136301
136300
136298
136295
136292
136291
136288
136287
136286
136282
136279
136230
136171
136034
136033
136005
135884
135876
135875
135874
135873
135868
135865
135863
135861
135860
135859
135854
135847
135846
135842
135841
135840
135839
135838
135835
135832
135831
135828
135827
135825
135824
135816
135813
135812
135811
135810
135809
135808
135805
135801
135797
135796
135793
135791
135789
135787
135783
135782
135781
135779
135778
135776
135774
135773
135771
135768
135766
135764
135758
135756
135752
135750
135746
135743
135740
135739
135738
135733
135730
135729
135726
135725
135721
135719
135717
135716
135714
135711
135706
135705
135702
135697
135696
135695
135692
135691
135690
135686
135685
135683
135682
135679
135678
135644
135602
135595
135557
135389
135320
135266
135264
135260
135251
135250
135241
135235
135228
135226
135225
135223
135220
135219
135218
135216
135215
135209
135204
135201
135195
135193
135192
135190
135189
135187
135185
135182
135173
135172
135171
135170
134986
134975
134946
134944
134942
134941
134939
134936
134930
134929
134924
134920
134919
134918
134914
134913
134908
134906
134905
134903
134901
134899
134897
134895
134893
134892
134891
134888
134887
134881
134880
134878
134875
134873
134871
134870
134869
134868
134867
134859
134856
134853
134852
134850
134849
134822
134814
134801
134799
134789
134556
134540
134450
134430
134352
134337
134335
134333
134332
134331
134330
134329
134328
134327
134324
134320
134315
134311
134308
134303
134302
134301
134298
134295
134294
134292
134286
134283
134281
134280
134273
134271
134270
134267
134266
134265
134262
134261
134260
134259
134257
134256
134252
134250
134235
134182
134177
134059
134058
134057
134052
134050
134049
134040
134034
134030
134025
134023
134022
134018
134015
134013
134008
133996
133992
133988
133987
133983
133981
133977
133976
133975
133970
133965
133883
133860
133750
133726
133723
133722
133716
133713
133711
133710
133707
133706
133703
133702
133700
133698
133696
133694
133693
133692
133682
133678
133668
133663
133662
133658
133652
133645
133638
133598
133590
133589
133580
133552
133520
133491
133427
133412
133320
133317
133314
133313
133312
133305
133304
133300
133298
133290
133289
133288
133285
133283
133281
133279
133274
133273
133272
133271
133270
133266
133261
133260
133259
133256
133250
133247
133243
133242
133237
133236
133233
133232
133230
133227
133226
133225
133082
133003
133002
133000
132999
132996
132995
132990
132984
132983
132981
132978
132977
132972
132955
132946
132941
132935
132932
132931
132927
132925
132924
132921
132911
132871
132780
132778
132757
132753
132752
132587
132573
132572
132571
132563
132547
132542
132535
132523
132519
132518
132516
132515
132470
132445
132440
132415
132387
132377
132371
132349
132338
132322
132282
132208
132166
132144
132090
132005
131463
131317
131299
131226
10201
10199
10123
59411
58901
138926
136369
136350
135745
133640
133318
132749
132383
