9498
4755
55410
45820
9583
134512
18101
132215
17762
55824
9829
9730
45117
18229
17665
55352
133296
55836
18002
45194
132116
55644
58678
17439
132770
59162
133275
17917
17903
10029
9558
45769
24029
9885
136334
133311
133001
64067
24554
133255
17625
133680
9830
17465
133720
58965
46071
24186
137098
136634
133676
132779
38191
23860
135817
133234
132335
7633
58762
137166
137085
134872
134014
133661
133648
132774
58664
135834
134006
132717
132559
58640
56268
45432
45184
17466
135795
134326
134316
133295
131235
58765
45804
45609
45528
38457
24084
138296
137650
136374
136360
135851
135760
135718
134877
134674
133278
9430
59165
58906
