42337
58224
43754
24631
60976
49100
25184
12880
6736
44400
49666
51074
16322
44889
41881
31549
34636
50810
48159
56466
34837
21341
48434
44285
39074
61173
204834
200370
204650
51235
43395
42440
205647
204213
202391
197207
1756
64413
60631
58262
57497
51431
50591
48551
48359
48147
47330
44045
43415
43211
41689
39650
34513
197343
61391
60627
60516
60310
59794
59441
57574
57563
57241
57235
56402
51554
51469
51460
50057
49847
48944
48309
44375
44244
43510
41061
34865
31175
29079
29068
24707
209782
208555
208161
206495
205837
203739
203616
202762
202468
202319
201999
201689
199082
15611
8868
62334
62265
62229
62198
