42337
58224
43754
24631
60976
49100
25184
12880
6736
44400
49666
51074
16322
44889
41881
31549
34636
50810
48159
56466
34837
21341
48434
44285
39074
61173
204834
200370
204650
51235
43395
42440
205647
204213
202391
197207
1756
64413
60631
58262
57497
51431
50591
48551
48359
48147
47330
44045
43415
43211
41689
39650
34513
197343
61391
60627
60516
60310
59794
59441
57574
57563
57241
57235
56402
51554
51469
51460
50057
49847
48944
48309
44375
44244
43510
41061
34865
31175
29079
29068
24707
209782
208555
208161
206495
205837
203739
203616
202762
202468
202319
201999
201689
199082
15611
8868
62334
62265
62229
62198
62157
62048
61386
61250
61246
61209
61129
61055
60932
60811
60786
60638
60407
60315
60256
60148
60138
59962
59912
59884
59838
59708
59654
59573
59506
59431
58331
58303
58125
57577
57474
57457
57218
56861
56765
56547
56503
56375
5618
5542
5484
52155
52070
51788
51785
51732
51618
51411
51130
50855
50795
50749
50692
50530
49433
49099
48592
44932
44243
44208
43965
43135
42990
42907
42586
42468
42163
39571
39368
39364
39308
35690
35615
35043
34592
29577
25306
25264
209836
208675
208560
208246
208072
206862
206596
206388
206065
205997
205894
205588
205550
204781
204544
203684
203102
203100
203026
202788
202571
202251
201691
201442
201295
200312
198357
16286
16200
12660
9147
64482
64460
64436
64434
64428
64414
62367
62362
62284
62263
62250
62238
62196
62173
62153
62140
62137
62039
61962
61362
61248
61239
61191
61176
60887
60637
60605
60340
60320
60178
60014
59961
59914
59797
59757
59754
59691
59580
59553
59526
59501
59442
58338
58333
58267
58256
58251
58249
58222
58201
58169
58161
58152
58142
58104
58081
58080
58053
57986
57816
57745
57687
57461
57391
57366
57292
57240
57230
57067
56815
56703
56632
56616
56548
56461
5627
52196
52140
52049
51759
51488
51355
51280
51274
51241
50733
50558
50460
50269
50177
50114
50000
49970
49936
49872
49796
49680
49596
49148
49103
48903
48898
48838
48820
48762
48732
48608
48555
48431
48289
48281
48029
47843
47817
47796
47558
47350
47262
47188
44841
44691
44543
44531
44436
44410
44090
44072
43657
43528
43487
43343
43233
43212
42915
42867
42750
42043
42019
41856
41620
41152
39501
39466
39200
35285
35088
34871
34341
34078
31476
31303
31182
30902
29077
25158
25124
21419
21170
210288
21005
209741
209638
209596
209544
209462
209279
209079
208651
208593
208412
208268
207796
207680
207655
20749
207417
207409
207141
207125
207057
206854
206692
206675
206635
206325
206217
206013
205838
205833
205643
205622
205521
205490
205229
205217
205176
205118
204955
204904
204865
204857
204813
204812
204686
204499
204454
204430
204393
204203
204001
203951
203895
203798
203392
203363
203247
203000
202735
202616
202601
202368
201937
201540
201259
201227
201194
201150
200796
200645
200530
200406
200376
200296
199849
199633
198569
16320
16292
16235
16018
15907
15402
13235
13231
12697
57831
51026
43560
208828
205415
