60501
39120
5394
41327
49605
12779
28716
1267
20811
15605
12637
50877
6762
12874
20912
16004
5602
49709
197075
60772
8660
3269
31638
12850
5396
15589
57111
201333
5392
60822
35574
197440
50316
31319
8816
33986
24608
29286
21056
201877
199837
62166
50352
48345
43942
199026
49535
49289
2593
34758
30722
24796
56550
45015
3302
41364
31034
8968
59919
21101
20836
8612
137
35612
39636
34695
59699
8265
2595
21309
31263
25002
13113
44219
30848
200043
47927
41497
201950
60798
51580
48500
47408
201602
15720
8224
59862
51569
49367
48634
9137
60475
43843
41160
200553
200497
198721
8922
48544
31115
