60501
39120
5394
41327
49605
12779
28716
1267
20811
15605
12637
50877
6762
12874
20912
16004
5602
49709
197075
60772
8660
3269
31638
12850
5396
15589
57111
201333
5392
60822
35574
197440
50316
31319
8816
33986
24608
29286
21056
201877
199837
62166
50352
48345
43942
199026
49535
49289
2593
34758
30722
24796
56550
45015
3302
41364
31034
8968
59919
21101
20836
8612
137
35612
39636
34695
59699
8265
2595
21309
31263
25002
13113
44219
30848
200043
47927
41497
201950
60798
51580
48500
47408
201602
15720
8224
59862
51569
49367
48634
9137
60475
43843
41160
200553
200497
198721
8922
48544
31115
29449
207018
203201
201502
201198
199181
196749
62275
47217
35617
34971
29177
24880
20924
204326
203591
203489
200799
51708
49524
49088
34606
210026
208920
205139
202870
201518
198399
198013
13097
12835
43364
42692
24994
210218
204482
204121
202709
201102
201058
200794
200760
200108
199941
8855
49653
41606
28941
210122
207606
206460
199536
31617
208851
206299
205260
204504
41974
51001
44513
39729
31222
29438
28999
199947
34691
206655
202347
21176
204180
203180
199324
49360
205099
15691
9104
8234
50507
210129
209970
207715
207013
206988
198102
196865
12650
9026
58150
44160
209358
205032
204923
201806
200984
56472
47242
39217
196983
43989
42425
35193
204809
204366
199362
8978
60975
44092
43648
59766
49640
28929
209102
203462
60989
44747
42463
2594
206182
209992
205051
203367
198916
47406
2597
209624
205005
62009
60783
51616
51300
43185
42669
41644
39808
31121
29419
21333
205322
203089
16191
5397
43625
209529
20746
205926
201722
35131
31611
25488
24717
210144
199042
197835
47902
39479
209222
200480
207054
203223
198240
56376
44512
41651
41849
210278
12445
6882
57264
3313
199666
62290
44473
42180
25569
208296
20794
201352
200767
198471
16297
15668
57525
57507
56641
50891
42764
29050
25518
24817
210224
206693
204903
204546
202761
202132
197845
13180
12481
6836
60049
57817
57514
57469
57144
52030
51499
50552
50417
50196
50178
49733
49284
48815
48382
47568
47187
44767
44091
43976
42515
42176
41325
39719
35146
35006
34978
34081
3242
31495
29082
29036
28831
21086
20942
20865
207022
206816
20658
206539
204280
204158
204060
202896
202675
202617
202460
202382
201935
201565
201175
200873
200424
200073
198800
198320
197954
196892
16379
16161
16076
16027
15663
15584
15553
13284
13253
12954
8911
8884
8217
6831
6734
6691
6665
64420
62092
60943
60814
60756
60432
60023
60019
59987
59715
58342
58088
57394
57329
57300
57039
56346
56320
5535
51940
51853
51502
51139
51065
50627
50394
49976
49355
49265
49215
48769
48423
48394
48135
47875
47178
47136
45041
44942
44939
44920
44898
44831
44793
44787
44721
44591
44567
44485
44241
44084
43954
43731
43279
42933
42818
42665
42650
42550
42538
42345
42165
41986
41836
41734
41381
41169
39739
39657
39514
35519
35514
35485
35359
35130
35114
35110
35066
35051
34759
34731
34618
34216
33964
33942
3275
31686
31570
31144
31087
31086
31067
31043
31033
30957
29312
29094
28977
28937
28791
28767
28742
28675
25350
25300
25156
24780
21469
21454
21451
21429
21115
21034
210182
210159
21014
21006
209897
209887
20958
209418
209387
209368
209076
208877
208775
208761
208532
208244
20819
207964
207798
207578
207227
207157
207146
207145
207132
207042
207029
206992
20697
206864
206821
206801
206738
206737
206476
206273
206267
206022
205985
205940
205891
205716
205704
20554
205498
205493
205451
205385
205195
204940
20487
204760
204689
204651
204593
204431
204402
204358
203848
203612
203525
203469
202803
202552
202514
202500
202258
202146
202095
202094
202017
201919
201847
201483
201474
201362
201220
201127
201095
200944
200858
200854
200818
200813
200786
200761
200752
200616
200604
200583
200448
200311
200148
199744
199649
199509
199477
199352
199348
199342
199309
199084
199039
198887
198830
198772
198387
198380
198292
198128
198090
198045
197947
197807
197664
197650
197352
196966
196956
196880
196784
196708
16141
16052
15981
15923
15887
15807
15788
15746
15660
15607
15529
15472
13182
13060
13035
13018
12922
12906
12734
12663
12559
12551
12533
12505
12498
12465
12363
9076
8822
8244
8238
6737
63017
62398
62054
62007
61315
61079
61000
60965
60803
60706
60559
60530
60460
60451
60410
60409
60260
60227
60087
60017
59777
59755
59453
58177
57922
57846
57558
57505
57343
56366
5609
5502
5382
52109
52083
52054
52025
51710
51344
51233
50428
50376
50112
49979
49924
49579
49073
48862
48617
48577
48291
48191
47986
47912
47735
47714
47646
47473
47353
47316
47224
44957
44936
44741
44701
44652
44062
44059
43988
43960
43756
43611
43602
42985
42658
41827
41277
41100
41094
41071
39926
39887
39825
39423
39250
35762
35719
35666
35357
35314
34888
34699
34680
34650
34613
34405
34281
33982
31467
31403
31248
31238
29609
29598
29564
29270
2598
2596
25309
25305
25301
24869
24802
24771
24749
21134
21074
21058
210280
210238
210172
210045
209987
20992
209865
20981
20972
209646
209634
209631
209629
209591
20959
209572
209485
209410
209353
209345
209301
209246
209234
209191
209182
209138
209071
208808
208788
208642
208598
208578
208516
208499
208496
208449
208432
208376
208200
208172
208081
208019
208018
208017
208000
207937
207761
207743
207739
207631
207623
207590
207545
20745
207237
207222
207028
206966
206952
206881
206867
206789
206732
206701
206598
206588
206498
206380
206207
206191
206135
20604
206004
205987
205925
205850
20580
205732
205729
205636
205525
205374
205330
205284
205276
205274
204958
204947
204795
204739
204694
204664
204622
204614
204578
204389
204386
204379
204309
204176
204118
204107
204096
203726
203713
203672
203601
203540
203485
203294
203150
203073
202975
202950
202889
202523
202346
202339
202323
202308
202245
202242
202193
202163
202074
201947
201946
201944
201795
201747
201616
201367
201045
200901
200689
200547
200542
200409
200345
200100
199776
199617
199613
199606
199547
199321
199237
199202
198898
198843
198434
198363
198349
198345
198319
198291
198186
198049
198017
197948
197859
197825
197589
197506
197293
197290
197126
197022
196852
196654
16232
16210
16177
15831
15714
15515
15437
13254
13183
13160
12797
12761
12607
12515
12468
12428
12345
12309
57345
213361
208753
208166
208063
203027
