2516
2497
2518
10026
17676
4713
9354
2907
9605
18283
7500
2519
10010
23815
17511
7670
7660
7529
10021
7679
7522
17941
4725
9824
4777
9607
9370
2514
17961
17686
17675
2500
23816
7524
4694
9351
4685
18126
7682
7506
17685
17534
38639
18260
17707
7668
139076
9993
2527
2515
18150
138384
4704
4680
18268
10019
9365
7690
7511
24255
23783
23629
18077
17958
17934
10000
9997
9595
9374
59103
4675
38631
24284
24279
23820
23637
18282
18278
18135
10001
9622
55900
38634
37892
24295
23780
23778
17683
17673
17514
10006
9615
9601
7687
7514
59123
55391
4693
4673
24278
24249
18121
18081
17955
131931
9593
9371
7516
59126
59110
38628
24572
24271
24253
23827
23805
23779
23774
23620
18129
18070
18068
17939
17682
173
131930
9621
9355
7672
7667
59125
58650
4711
4678
37900
24259
24257
24252
23829
18092
17689
17506
136779
131937
10015
10003
7671
7530
59105
4785
45684
38043
37922
2526
24277
24251
23824
23822
23786
23777
23661
23627
23624
18274
131911
131896
10011
59107
58792
58645
4697
37918
23808
23628
18094
137445
131934
131915
131079
9999
9357
7521
7505
59102
58791
55890
55394
38629
24290
24229
23642
23641
23634
17931
131959
131954
131952
131933
131927
131918
131916
131912
10002
9619
9466
63772
59117
59116
59097
55569
55392
4723
45691
45687
37906
24477
24121
18259
18258
18149
18125
18088
17944
17940
17504
136178
133203
9367
7527
7503
63771
59128
59127
59124
58789
58654
55907
55898
55891
55385
55381
55376
4718
38636
38462
37919
2510
24289
24287
24263
23818
23817
23775
209396
209341
206689
18264
18086
17956
17932
17691
17661
17509
138968
138033
137001
136407
133782
132504
132418
131960
131949
131944
131938
131929
131928
131926
131914
10014
10013
9991
9990
9614
9597
9591
9366
9363
9353
7684
7677
7664
7517
7513
7502
63997
63783
63782
63776
63774
63773
63770
59121
59118
59115
59111
59109
59104
59096
59095
59094
59093
59092
58793
58788
58786
58784
58653
58648
58647
55912
55910
55909
55908
55904
55902
55899
55897
55894
55873
55396
55390
55388
55387
55383
55379
55378
55377
54415
4719
4672
45846
45680
45678
45677
45676
45672
45217
38652
38651
38648
38643
38642
38641
38638
38635
38633
38627
37914
37912
37908
37905
37893
37891
37888
2513
2512
2506
2501
24567
24336
24297
24296
24291
24283
24282
24280
24270
24268
24264
24262
24261
24260
24248
24047
23940
23885
23836
23798
23796
23795
23785
23776
23773
23761
23639
23632
23631
23623
23619
23618
23616
23614
18290
18276
18272
18271
18267
18266
18265
18263
18148
18142
18141
18139
18127
18124
18123
18091
18090
18087
18075
18074
18071
18069
17953
17950
17948
17947
17937
17701
17694
17693
17680
17523
17516
17513
17505
140244
139470
139345
137462
137008
135304
134827
133900
133476
132827
132451
132119
132095
131946
131945
131942
131940
131939
131936
131932
131925
131924
131923
131921
131920
131919
131917
131910
131906
131903
131901
131897
131895
131894
131160
131158
10209
10016
10012
10004
9998
9935
9618
9617
9604
9600
9378
9358
7686
7678
7676
7674
7665
7663
63917
63781
63780
63779
63775
59129
59122
59120
59113
59108
59101
59099
59091
58785
58652
58651
58649
56291
55949
55905
55901
55895
55393
55384
55382
55380
55373
4774
4730
4729
4721
4695
4686
4677
45690
45688
45682
45675
38715
38654
38646
38644
38033
37917
37916
37915
37910
37907
37903
37898
37897
37889
3488
2554
2523
2522
2511
2508
2505
2504
24512
24288
24286
24276
24275
24256
24254
24250
23967
23833
23828
23826
23807
23804
23799
23794
23793
23791
23790
23788
23784
23781
23720
23635
23633
23615
23613
18383
18289
18281
18146
18144
18143
18140
18136
18134
18131
18128
18097
18085
18076
18072
18067
17960
17957
17946
17936
17905
17699
17698
17678
17677
17530
17529
17518
17517
17512
17510
139468
139358
139255
138652
138467
137912
137819
136769
136586
135573
132726
131957
131951
131950
131943
131941
131913
131909
131907
131905
131904
131899
131893
131159
131155
131078
7543
63778
62184
4717
45689
45679
37981
140506
139072
138980
138632
138181
138038
131157
131081
