2516
2497
2518
10026
17676
4713
9354
2907
9605
18283
7500
2519
10010
23815
17511
7670
7660
7529
10021
7679
7522
17941
4725
9824
4777
9607
9370
2514
17961
17686
17675
2500
23816
7524
4694
9351
4685
18126
7682
7506
17685
17534
38639
18260
17707
7668
139076
9993
2527
2515
18150
138384
4704
4680
18268
10019
9365
7690
7511
24255
23783
23629
18077
17958
17934
10000
9997
9595
9374
59103
4675
38631
24284
24279
23820
23637
18282
18278
18135
10001
9622
55900
38634
37892
24295
23780
23778
17683
17673
17514
10006
9615
9601
7687
7514
59123
55391
4693
4673
24278
