20764
8492
42861
20485
31500
12389
28917
3216
51907
202984
31133
24811
8732
8359
3267
41722
48858
49673
25227
39821
48276
52091
29076
9049
2854
57724
29226
12714
12695
8641
199599
43727
31261
47541
44843
42385
47764
35000
35598
5563
49505
31059
44020
51028
47626
59624
21030
43404
59796
13238
50923
44053
48293
62041
49063
60764
42893
15672
44927
8752
48399
41275
35522
56534
13094
8595
47531
48719
201119
12494
51343
41268
206295
196879
61400
57073
25159
61368
20632
49724
25408
28761
6731
21127
34123
25549
48166
25478
8331
24739
43267
28968
8631
201776
8470
21453
6789
39153
28840
8369
