20764
8492
42861
20485
31500
12389
28917
3216
51907
202984
31133
24811
8732
8359
3267
41722
48858
49673
25227
39821
48276
52091
29076
9049
2854
57724
29226
12714
12695
8641
199599
43727
31261
47541
44843
42385
47764
35000
35598
5563
49505
31059
44020
51028
47626
59624
21030
43404
59796
13238
50923
44053
48293
62041
49063
60764
42893
15672
44927
8752
48399
41275
35522
56534
13094
8595
47531
48719
201119
12494
51343
41268
206295
196879
61400
57073
25159
61368
20632
49724
25408
28761
6731
21127
34123
25549
48166
25478
8331
24739
43267
28968
8631
201776
8470
21453
6789
39153
28840
8369
34879
209307
201706
8985
58002
50340
31376
44050
52000
196695
57363
24955
48347
42632
39134
31214
21367
48940
42610
31430
58067
200044
199624
43226
3316
60771
42291
39442
34602
15835
12418
9110
35807
29124
200161
12668
8636
60388
5467
51178
48467
44964
44128
35237
29470
197068
5429
47775
43832
35810
34456
13105
62423
49476
47655
35539
3218
31323
56994
51904
50473
50060
49403
47481
47441
43973
41842
34352
31514
31200
30833
25189
197204
16143
8402
8242
57487
56694
51764
49675
48739
48249
47542
29329
24638
207133
6856
43666
35032
204720
200350
198610
197826
15930
15493
49120
49037
48128
39045
31499
205216
197888
15682
8629
64433
57629
49779
48061
34300
34277
29182
59589
50509
48287
47562
47104
42574
41446
39684
39399
24663
204582
196750
15632
12722
12555
6820
6702
50928
48257
47478
47211
41802
39087
2683
25532
21446
21109
209030
205063
205022
200976
196691
61111
57931
5568
51973
51665
49335
47691
47321
44943
44532
44030
43530
42498
41601
34139
31370
21416
202173
12976
12335
8410
60283
56864
56340
5523
52201
52016
51669
50157
44772
43798
42145
41475
25371
209739
9206
9039
8342
8241
62205
62040
60691
60357
57107
5495
50911
49531
48822
48349
44267
35768
35048
31649
31294
30968
29388
25292
209343
20655
201211
60347
56679
51341
50687
50464
49730
49458
48614
48297
47989
47645
44816
44347
39156
35271
28891
28890
25251
24936
20985
203674
12979
9032
8615
8515
6858
6673
5537
51092
51032
50265
48654
47440
44670
43045
39927
39360
35723
31415
29648
25355
208912
208075
207561
205460
20483
199669
15754
60072
57512
51437
51011
49218
48642
43714
43628
42377
41554
35087
34102
31195
204600
203784
203703
203196
200172
199805
15757
62014
60921
60459
59883
57918
50169
49124
48914
44479
44096
39221
28745
24689
20702
204315
200487
198297
16300
12958
61121
57681
51218
48848
47333
47156
43314
43168
35770
31208
29319
25451
199634
199361
197062
13259
12567
61228
51464
49136
47196
25293
197482
60299
59663
56634
50916
50448
48092
47652
35005
33991
3175
30733
28709
202838
57174
51507
51200
50313
47236
42031
39238
31277
29196
199860
8905
59440
56407
51346
50538
47149
44484
42437
41560
39709
207056
205998
197140
12739
8888
60840
50254
50113
49778
47914
43201
42773
42253
39102
38934
35645
35004
3226
31257
30960
24680
208415
203387
198826
197453
58158
57420
57277
5433
51520
50289
44587
43317
41691
41349
39812
33842
24626
197275
12332
62261
57530
50966
50952
49342
48223
47923
47723
43797
42065
31163
29071
28775
210109
60265
59930
59504
56462
51892
51034
50775
50596
49830
48479
48416
47438
47258
45055
39811
39410
35640
34550
25513
25086
204859
203680
200430
200107
16007
15870
8491
60098
58095
57583
57456
50009
48524
47363
47323
44522
44172
44041
42149
42132
35508
31357
31036
28884
210033
207457
204128
203542
201012
198947
197695
13215
61960
56528
50258
50222
49542
48036
47569
47522
44595
44158
43966
42676
41034
39805
38984
35562
35278
31225
203513
200015
199008
198616
198056
197309
15886
15848
15774
12737
8371
59793
58045
57662
57578
56592
49140
47895
45029
43362
42892
42668
41743
39046
34527
31444
31359
21140
208936
205717
203004
202498
202486
201008
199119
198185
196739
61031
60470
58314
58084
57031
51219
51009
50477
49828
48084
47213
47181
44882
43660
43567
38917
34858
34824
34757
28812
28738
25308
209821
208955
204941
201825
201469
199020
196798
16323
8744
8603
8416
6854
60731
60720
60042
57843
57393
57334
57109
51408
50418
49963
49722
49340
48989
48370
48190
47165
44988
44254
44206
42765
42597
42139
41625
41617
41330
39678
34875
3253
25520
208992
20870
206805
205226
205079
204271
199635
16321
15974
15378
9123
8749
8496
6694
62366
62221
60684
60580
59516
57452
57091
52060
52007
51093
50471
50257
48371
48096
47586
47140
45054
44622
44417
43590
43106
42187
42097
41853
39735
39710
39612
34959
34853
3239
29456
29125
20895
208056
206767
202306
201826
199394
199274
197080
12690
6672
62410
62287
62241
61378
60879
59627
58007
57645
57503
51309
50166
48488
48176
48129
47747
44941
44923
44386
44310
43865
43518
42429
42339
41209
39785
39701
39289
38976
34995
34629
34573
34470
34241
30936
25515
21226
21051
20919
206827
206152
204272
203907
201499
200725
200401
199251
198367
198310
198226
197535
197498
197235
15850
15640
15468
12314
8580
8443
8395
6719
64432
62382
61308
61037
59986
59718
58288
57700
57246
57045
51957
51444
51213
50947
50299
49893
49569
49350
48757
48235
48143
47168
45013
44724
44621
44507
44265
44056
43678
43537
43208
43102
42988
42478
42277
41864
41822
41704
41551
39864
39264
31425
30953
30922
30729
29588
29420
29304
29194
29114
28769
25511
25490
25474
21487
21314
2118
207874
207472
207168
207104
205638
203514
203226
202976
201118
200815
198083
197394
197331
197078
13118
12772
8848
8451
6863
62429
62314
62142
62067
62010
61382
61372
61325
60826
60796
60651
60527
60363
60245
60212
60139
60119
59604
59508
59482
58310
58096
58001
57812
57534
57212
56707
56690
56689
56533
56451
5387
52175
52015
51612
51596
51478
51297
51190
51086
50958
50771
50716
50676
50672
50466
50374
50147
49954
49925
49583
49478
49392
49261
49070
48876
48558
48366
48089
47968
47955
47934
47656
47564
47551
47445
47240
47218
44895
44849
44677
44478
44391
44068
44014
43521
43399
43370
43299
43097
42742
42558
42244
42038
41925
41794
41789
41787
41566
41515
41460
41311
41143
39493
39167
39125
39061
35816
35558
34709
34574
34042
33962
3180
31240
31205
30952
30920
29503
29303
28832
25530
24832
24722
21483
21479
21103
208861
207952
207415
206668
204041
204039
202806
202164
201643
201511
201477
200624
200084
199866
199534
198592
198580
198541
197298
196949
196914
16285
12685
12427
8920
8441
8440
8439
8305
8291
6662
62459
62331
62316
62293
62247
62069
61431
61285
61264
61170
61151
60740
60738
60716
60544
60473
60095
59975
59660
59637
59601
59525
58347
58136
57898
57781
57753
57671
57573
57470
57439
57354
57319
57314
57261
57227
57129
57128
57010
56868
56720
56705
56685
56669
56418
56326
5468
52043
51811
51698
51613
51579
51308
51156
51067
50797
50674
50553
50339
50218
50174
50029
50002
49759
49729
49352
49107
48781
48720
48507
48485
48327
48282
48197
48009
47763
47724
47694
47684
47530
47528
47470
47456
47433
47370
47286
47117
44963
44913
44733
44552
44493
44237
44151
44027
43830
43287
43274
43247
43235
43031
42972
42787
42628
42526
42516
42514
41938
41706
41616
41187
41185
41106
40995
40977
39728
39688
39598
39121
39113
35572
35469
35401
35177
35154
35140
35026
35021
34974
34777
34597
34389
34336
34303
34291
34223
34052
34038
31738
31695
31302
30910
30855
30784
30767
3058
29651
29190
28906
25592
25534
24837
24599
21332
21231
21184
209974
209655
209575
209415
209099
208879
20848
207353
207142
206181
206011
205952
205682
205455
205442
204311
204036
203997
203746
203730
203714
203695
203509
203316
202999
202933
202535
201861
201250
201123
201083
200557
200457
200182
199820
199120
198873
198770
198354
198255
198181
198076
197756
197392
197303
197258
196938
196797
16230
16094
15454
13056
12686
12683
12507
9122
9113
8997
8981
8904
8774
8742
8711
8684
8663
6880
6874
62413
62404
62378
62340
62283
62268
62251
62143
62082
62008
61976
61964
61406
61380
61326
61306
61293
61276
61237
61206
61131
61011
60986
60944
60936
60915
60904
60865
60833
60832
60702
60693
60600
60569
60568
60519
60510
60442
60287
60135
60124
59957
59924
59831
59792
59661
59616
59600
59598
59595
59591
59517
59475
59423
59416
58301
58279
58257
58231
58219
58207
58134
58097
58063
58024
57882
57876
57871
57867
57842
57749
57712
57609
57587
57531
57482
57460
57449
57434
57432
57396
57333
57320
57313
57268
57214
57211
57153
57149
57123
57120
57108
57036
57018
57006
56975
56928
56879
56853
56846
56845
56806
56791
56776
56741
56674
56631
56621
56603
56542
56541
56529
56436
56426
56384
56364
56361
56358
56353
56342
5567
5531
52217
52047
51921
51893
51880
51838
51813
51783
51781
51771
51756
51740
51685
51668
51641
51515
51419
51389
51376
51289
51230
51186
51136
51077
51054
51037
51004
50951
50878
50863
50859
50822
50787
50691
50677
50671
50663
50594
50577
50571
50549
50536
50516
50443
50439
50427
50342
50341
50338
50283
50225
50212
50197
50182
50045
50038
49994
49973
49966
49905
49897
49892
49811
49749
49732
49712
49684
49608
49575
49558
49554
49469
49404
49371
49369
49325
49189
49181
49064
49060
49055
49039
49017
49003
48995
48978
48842
48612
48583
48573
48499
48477
48475
48470
48462
48354
48320
48316
48302
48228
48219
48209
48149
48148
48124
48102
48000
47963
47954
47905
47746
47737
47636
47618
47595
47567
47486
47418
47397
47241
47193
47151
47139
45051
45018
45000
44915
44811
44678
44674
44405
44345
44322
44266
44257
44248
44192
44046
44035
43993
43886
43874
43812
43805
43785
43776
43676
43667
43634
43600
43594
43559
43550
43489
43465
43434
43429
43403
43265
43182
43152
43148
43146
42922
42895
42678
42589
42559
42524
42484
42451
42358
42245
42239
42231
42148
42027
41929
41837
41816
41775
41556
41535
41443
41389
41269
41257
41217
41118
41067
39853
39789
39775
39749
39604
39539
39374
39350
39337
39303
39294
39293
39267
39266
39101
39092
39042
39034
38974
35802
35780
35455
35377
35374
35196
35129
35118
35029
35022
34944
34892
34887
34882
34849
34838
34703
34665
34662
34584
34518
34485
34467
34283
34085
33936
33892
33871
3312
3203
31656
31462
31364
31192
31183
31112
29554
29258
28825
28809
28736
2578
25591
25341
25231
25001
24913
24823
21378
21166
21105
210188
21017
210135
210093
209930
209758
209687
209684
209639
209599
209476
209448
209059
208677
20866
208631
208573
208534
208411
208207
208178
208155
207978
207967
207532
207496
20730
206980
20698
206955
20690
206756
206753
206653
206649
206435
206066
205963
205720
205711
205567
205540
205528
205500
205495
205444
205433
205232
204735
204551
204507
204459
204448
204198
204102
203972
203697
203533
203492
203401
203395
203006
202836
202801
202778
202775
202768
202673
202570
202423
202396
202344
202136
202009
201800
201786
201778
201775
201774
201745
201669
201624
201606
201564
201495
201394
201298
201285
201270
201147
201069
201022
200662
200515
200513
200489
200479
200390
200095
200082
200028
199954
199879
199798
199782
199735
199728
199502
199427
199420
199261
199170
199136
199096
199072
199063
198932
198842
198821
198806
198712
198675
198645
198415
197987
197986
197955
197896
197857
197768
197733
197526
197489
197443
197379
197349
197311
197306
197169
197018
196991
196936
196742
196675
16262
16256
16083
15620
15599
15428
13227
13155
12770
12730
9210
9177
9130
9124
9111
9078
9068
9058
9006
8941
8915
8901
8872
8853
8846
8828
8775
8712
8706
8662
8630
8599
8592
8570
8566
8557
8510
8507
8480
8427
8411
8377
8350
8345
8324
8299
8279
6903
6868
6761
6699
64494
64486
64461
64429
64423
62450
62447
62443
62440
62439
62430
62426
62415
62389
62379
62358
62345
62333
62330
62295
62286
62272
62264
62246
62222
62200
62169
62133
62130
62128
62122
62115
62108
62103
62065
62063
62056
62036
62019
62006
62004
61991
61989
61980
61979
61436
61433
61411
61405
61403
61396
61390
61383
61379
61360
61313
61291
61271
61265
61261
61259
61257
61249
61230
61229
61223
61197
61187
61156
61140
61068
61058
61040
61039
61021
61009
60988
60967
60954
60942
60928
60919
60913
60892
60891
60878
60873
60864
60856
60852
60837
60835
60827
60812
60768
60763
60753
60732
60699
60678
60635
60628
60623
60612
60575
60557
60556
60554
60549
60536
60535
60518
60513
60511
60490
60489
60464
60437
60413
60375
60366
60365
60361
60346
60329
60308
60290
60224
60216
60177
60172
60165
60162
60151
60085
60081
60062
60058
60040
60004
59973
59960
59946
59941
59937
59928
59917
59903
59881
59846
59825
59815
59801
59788
59744
59740
59738
59734
59731
59722
59706
59696
59693
59687
59679
59672
59656
59640
59614
59603
59596
59584
59571
59561
59559
59557
59549
59541
59535
59533
59530
59512
59509
59498
59495
59494
59483
59467
59465
59459
59433
59418
59412
59399
58341
58319
58306
58290
58278
58255
58241
58238
58229
58225
58194
58190
58163
58147
58135
58116
58112
58107
58100
58091
58090
58082
58072
58071
58048
58037
58020
58019
57990
57988
57973
57953
57947
57941
57940
57930
57923
57906
57885
57847
57828
57827
57824
57820
57808
57806
57805
57766
57742
57737
57708
57680
57661
57658
57637
57631
57628
57627
57589
57580
57561
57557
57528
57526
57510
57494
57471
57440
57424
57401
57372
57369
57368
57364
57339
57328
57323
57312
57303
57296
57274
57271
57250
57233
57215
57193
57186
57182
57181
57160
57142
57092
57078
57047
57046
57011
57003
56996
56977
56964
56959
56957
56954
56952
56947
56939
56930
56923
56888
56881
56880
56877
56875
56874
56866
56854
56829
56820
56810
56807
56798
56794
56784
56779
56777
56763
56701
56699
56686
56677
56666
56648
56613
56581
56577
56574
56564
56557
56535
56506
56495
56483
56480
56477
56476
56463
56445
56437
56392
56374
56351
56350
56331
5572
5553
5548
5545
5514
5480
52198
52194
52184
52168
52166
52163
52156
52108
52090
52085
52062
52040
52038
52022
52008
52006
51998
51994
51991
51981
51971
51952
51912
51883
51860
51831
51812
51809
51789
51748
51723
51721
51715
51705
51700
51690
51680
51667
51659
51642
51635
51633
51624
51623
51599
51593
51583
51562
51552
51547
51536
51532
51506
51494
51477
51472
51471
51470
51456
51418
51416
51410
51397
51369
51360
51352
51339
51334
51316
51292
51291
51288
51286
51285
51283
51238
51214
51193
51183
51181
51170
51165
51158
51147
51133
51125
51121
51118
51071
51031
51027
51015
50949
50946
50918
50917
50885
50870
50860
50853
50852
50846
50804
50776
50762
50761
50753
50752
50741
50739
50725
50717
50713
50707
50703
50701
50688
50654
50652
50645
50644
50640
50639
50626
50587
50566
50556
50545
50539
50523
50452
50449
50435
50433
50425
50416
50400
50396
50367
50358
50353
50317
50306
50284
50282
50279
50227
50214
50164
50158
50126
50105
50082
50051
50048
50042
50040
50003
50001
49939
49932
49929
49916
49891
49886
49880
49863
49848
49841
49834
49825
49821
49777
49701
49698
49693
49679
49665
49641
49637
49577
49568
49547
49545
49533
49530
49513
49481
49452
49450
49439
49426
49394
49390
49377
49376
49368
49361
49358
49356
49347
49316
49315
49304
49288
49279
49255
49253
49246
49241
49208
49200
49186
49184
49166
49132
49128
49108
49031
49012
49002
48975
48969
48949
48946
48916
48909
48834
48817
48788
48770
48733
48725
48724
48722
48709
48687
48676
48670
48607
48601
48561
48548
48530
48527
48515
48498
48481
48472
48409
48343
48322
48308
48277
48275
48236
48234
48225
48188
48118
48104
48079
48078
48058
48051
48050
48043
48035
48032
48013
47976
47974
47972
47925
47860
47857
47854
47851
47845
47842
47827
47819
47808
47789
47761
47759
47740
47718
47682
47677
47635
47594
47566
47552
47510
47465
47457
47439
47437
47395
47358
47354
47342
47338
47335
47280
47278
47203
47158
47133
47119
47118
47105
45005
44999
44937
44917
44903
44900
44881
44844
44840
44835
44834
44812
44804
44799
44797
44751
44734
44704
44699
44693
44688
44665
44661
44657
44640
44636
44634
44627
44604
44597
44579
44555
44550
44547
44540
44505
44492
44470
44420
44408
44401
44387
44372
44324
44315
44300
44276
44263
44232
44199
44174
44165
44162
44139
44126
44121
44116
44112
44094
44093
44079
44067
44039
43952
43946
43907
43903
43901
43882
43849
43831
43826
43801
43787
43782
43761
43730
43728
43726
43721
43712
43696
43687
43673
43670
43592
43563
43552
43527
43526
43396
43385
43374
43349
43330
43321
43319
43302
43270
43264
43246
43238
43228
43199
43176
43132
43095
43085
43078
43042
43035
43020
43001
43000
42998
42996
42993
42975
42971
42930
42920
42919
42916
42897
42862
42834
42822
42753
42693
42677
42674
42661
42653
42608
42582
42575
42554
42529
42528
42527
42482
42444
42413
42408
42403
42373
42340
42323
42304
42289
42276
42224
42190
42178
42151
42144
42141
42135
42119
42087
42072
42062
42048
42033
42024
41983
41976
41975
41942
41928
41895
41892
41861
41855
41831
41829
41826
41812
41783
41774
41748
41718
41688
41681
41673
41667
41639
41619
41615
41575
41517
41516
41512
41500
41458
41430
41428
41377
41338
41302
41301
41284
41258
41220
41190
41180
41148
41123
41122
41109
41065
41060
41022
40993
40966
39922
39858
39850
39799
39741
39740
39726
39707
39676
39660
39631
39594
39589
39586
39585
39578
39575
39465
39429
39428
39417
39406
39376
39323
39321
39317
39256
39252
39248
39178
39058
38979
38972
38971
38969
38959
38954
38928
38912
35824
35823
35815
35813
35783
35774
35769
35764
35755
35730
35683
35658
35608
35582
35580
35571
35555
35527
35504
35479
35423
35410
35387
35354
35304
35298
35239
35195
35162
35119
35102
35025
35013
34901
34896
34866
34855
34832
34802
34784
34739
34720
34706
34698
34671
34669
34580
34559
34552
34504
34503
34500
34495
34479
34434
34378
34329
34327
34267
34246
34230
34211
34205
34192
34155
34147
34145
34121
34098
34033
34017
33987
33972
33934
33908
33904
33903
3335
3287
3200
31720
31690
31643
31626
31620
31600
31575
31566
31552
31503
31494
31484
31480
31470
31368
31286
31275
31224
31213
31191
31174
31138
31028
30924
30911
30856
30853
30852
30835
30831
30768
30745
29603
29581
29572
29561
29546
29528
29520
29493
29476
29450
29426
29425
29363
29285
29209
29184
29147
29072
29041
29038
28991
28989
28965
28912
28899
28800
2875
28741
28734
2848
25880
2587
2585
25449
25381
25272
25221
25188
25185
24924
24810
24787
24774
24699
24684
24658
24613
24602
23242
21496
2148
21418
21403
21365
21353
213369
213254
21287
21275
21266
21252
21191
21143
210331
210284
210276
210242
210240
21023
210223
210201
21020
210113
210079
210053
210029
209988
209962
209954
209926
209904
209890
209878
209867
209788
209787
209779
209773
209759
209746
209728
209701
209695
209676
209672
209667
209666
209657
209652
209592
209473
209461
209456
209445
209382
209303
209284
209228
209219
209179
209119
209096
209024
209005
208991
208977
208975
208945
208853
208838
208811
208803
208798
208796
208790
208777
208774
208771
208739
208720
20872
208689
208637
208629
208544
208541
208461
208388
208371
208357
208352
208345
208300
20826
208177
208129
208058
207977
207935
207688
207676
207665
207657
207634
207581
207569
207547
207518
207441
207373
207361
207336
207321
207288
207259
207258
207256
207207
207152
207131
207128
207124
207103
207079
207078
207064
207025
207024
207016
206973
206916
20688
206873
206850
206846
206845
206812
206764
206760
206728
206673
206670
206631
206572
206536
206515
206465
206419
206392
206386
206385
206337
206333
206323
20619
206179
206171
206156
206134
206103
206069
206054
205978
205971
205864
205853
205822
205791
205784
20576
205754
205702
205701
205675
205652
205646
205641
205628
205611
205601
205595
205576
205569
205562
205552
205515
20549
205482
205454
205412
205391
205349
20533
205324
205297
205293
205245
205161
205153
205135
205076
205070
205062
205047
205040
205031
205004
204991
204952
204925
204919
204914
204910
204895
204891
204848
204827
204825
204822
204752
204665
204656
204623
204587
204574
204525
204520
204492
204490
204477
204361
204357
204350
204337
204323
204305
204304
204298
204297
204292
204255
204238
204230
204226
204219
204217
204173
204161
204159
204144
204137
204117
204112
204067
204048
203992
203891
203883
203844
203832
203831
203766
203750
203747
203725
203668
203627
203599
203597
203561
203553
203538
203527
203524
203504
203498
203493
203458
203410
203371
203353
203337
203290
203203
203173
203163
203153
203131
203054
202989
202974
202961
202935
202925
202873
202857
202851
202849
202835
202824
202804
202802
202781
202765
202760
202752
202734
202717
202696
202674
202650
202642
202633
202629
202594
202537
202510
202490
202446
202422
202342
202331
202290
202268
202234
202181
202156
202150
202127
202071
202058
202000
201994
201970
201856
201848
201844
201842
201835
201820
201812
201804
201781
201757
201726
201721
201677
201593
201588
201582
201571
201570
201569
201556
201555
201515
201498
201496
201490
201486
201485
201475
201452
201430
201421
201390
201302
201275
201247
201244
201195
201193
201138
201137
201131
201100
201088
201065
201052
201018
201016
201009
200988
200982
200953
200952
200935
200875
200838
200830
200829
200823
200803
200802
200790
200778
200762
200722
200702
200687
200685
200679
200644
200643
200637
200634
200627
200622
200619
200613
200503
200496
200473
200452
200442
200398
200362
200285
200166
200152
200123
200122
200121
200048
200035
200016
199992
199966
199906
199901
199862
199858
199833
199825
199809
199757
199732
199674
199658
199647
199623
199622
199619
199582
199576
199549
199537
199521
199504
199463
199459
199444
199430
199395
199317
199316
199315
199278
199259
199247
199194
199179
199146
199126
199112
199110
199080
199078
199070
199040
199029
199024
199022
199021
199014
199010
198981
198974
198973
198960
198955
198918
198907
198899
198877
198844
198791
198778
198758
198728
198705
198685
198683
198677
198667
198654
198643
198626
198619
198615
198563
198539
198526
198523
198515
198502
198461
198449
198438
198437
198384
198376
198372
198350
198348
198303
198295
198274
198261
198258
198195
198130
198110
198086
198074
198070
198062
198039
197969
197952
197934
197873
197858
197821
197808
197793
197783
197780
197773
197765
197760
197725
197718
197717
197700
197673
197632
197574
197559
197553
197499
197467
197460
197449
197406
197366
197315
197276
197263
197193
197185
197150
197097
197084
197070
197044
197040
196963
196923
196893
196884
196847
196812
196803
196796
196791
196789
196780
196721
196699
196688
196667
196660
196648
196641
16345
16255
16249
16173
16020
15984
15934
15913
15884
15880
15756
15707
15673
15638
15556
15455
15370
13302
13296
13225
13192
13165
13077
13075
13055
13029
13016
12999
12938
12841
12836
12828
12768
12724
12456
12405
12380
9185
9162
9134
9077
9056
9041
8998
8909
8882
8850
8817
8790
8675
8623
8568
8506
8484
8475
8460
8430
8409
8398
8382
8334
8325
8263
8249
8219
6870
6869
6844
6801
6698
6679
64469
64450
64441
64439
64419
62461
62446
62444
62432
62422
62356
62347
62344
62339
62309
62300
62273
62257
62256
62253
62243
62236
62218
62207
62150
62070
62029
61974
61971
61410
61407
61398
61375
61358
61335
61322
61318
61305
61269
61263
61165
61152
61141
61120
61118
61106
61052
61043
61041
61035
61016
60980
60971
60956
60952
60947
60872
60863
60854
60841
60834
60818
60797
60779
60748
60747
60726
60722
60704
60666
60660
60643
60642
60639
60625
60603
60599
60598
60573
60553
60523
60505
60500
60496
60484
60482
60472
60465
60434
60383
60360
60343
60338
60312
60292
60192
60179
60108
60088
60084
60075
60067
60043
60034
60028
60024
60006
60005
60002
59994
59979
59935
59833
59823
59730
59726
59714
59713
59688
59673
59667
59666
59665
59644
59641
59615
59574
59558
59539
59537
59515
59513
59510
59502
59496
59476
59454
59452
59446
59434
59424
59420
59404
58344
58304
58292
58289
58285
58284
58258
58240
58230
58228
58217
58210
58191
58187
58178
58162
58157
58155
58143
58108
58105
58094
58087
58086
58060
58047
58042
58036
58033
58031
58029
58027
58026
58009
58008
58006
58000
57996
57975
57971
57903
57901
57893
57874
57861
57857
57856
57835
57822
57803
57797
57767
57762
57754
57741
57730
57725
57711
57678
57652
57641
57620
57614
57579
57575
57571
57570
57562
57553
57552
57541
57529
57518
57501
57490
57489
57451
57438
57425
57421
57418
57412
57411
57410
57406
57383
57380
57378
57371
57351
57309
57306
57302
57298
57272
57251
57209
57200
57145
57139
57125
57113
57085
57064
57044
57038
57026
56991
56982
56981
56971
56969
56958
56956
56935
56917
56916
56915
56903
56897
56893
56889
56886
56883
56857
56836
56802
56793
56786
56785
56781
56761
56760
56725
56724
56721
56702
56692
56691
56678
56667
56664
56626
56618
56601
56580
56578
56545
56504
56493
56488
56487
56434
56425
56420
56409
56405
56387
56383
56379
56377
56341
56336
56330
5598
5573
5570
5547
5473
5461
5386
52222
52218
52208
52207
52205
52197
52165
52141
52118
52099
52096
52069
52028
52010
51990
51977
51939
51916
51882
51869
51842
51836
51819
51791
51780
51751
51730
51724
51716
51686
51663
51645
51639
51621
51607
51604
51600
51592
51578
51570
51538
51523
51501
51446
51443
51442
51396
51372
51348
51293
51271
51256
51255
51250
51229
51199
51131
51129
51117
51084
51081
51070
51051
51042
51041
51039
51035
51020
51012
50959
50895
50854
50850
50809
50806
50802
50792
50789
50760
50750
50740
50736
50732
50727
50712
50694
50668
50666
50619
50600
50586
50568
50567
50544
50543
