24482
18106
4657
38001
24115
64050
7473
4844
64049
17819
38861
3758
137831
132132
17547
56308
9989
4773
9255
10122
4628
135354
45634
38321
134187
131219
58436
132734
138699
139225
23939
23855
17645
133959
7595
138552
133535
7610
24319
134078
9226
9911
10024
24247
135409
134363
9419
138608
132829
132696
58718
10102
56172
135278
132816
59253
24331
45452
133136
9506
55854
4765
24232
24012
133748
9649
58621
56300
56197
45414
38862
38325
23767
137468
137253
136733
134963
10146
10031
63930
59258
58982
56289
38532
24467
23728
139070
138606
138433
137061
136202
134842
133868
131244
9892
9877
9234
7700
64010
58513
