24482
18106
4657
38001
24115
64050
7473
4844
64049
17819
38861
3758
137831
132132
17547
56308
9989
4773
9255
10122
4628
135354
45634
38321
134187
131219
58436
132734
138699
139225
23939
23855
17645
133959
7595
138552
133535
7610
24319
134078
9226
9911
10024
24247
135409
134363
9419
138608
132829
132696
58718
10102
56172
135278
132816
59253
24331
45452
133136
9506
55854
4765
24232
24012
133748
9649
58621
56300
56197
45414
38862
38325
23767
137468
137253
136733
134963
10146
10031
63930
59258
58982
56289
38532
24467
23728
139070
138606
138433
137061
136202
134842
133868
131244
9892
9877
9234
7700
64010
58513
56043
56039
55919
55855
55781
55487
55426
55415
46078
45755
45470
45244
45133
38258
24546
24030
23920
23653
18402
18228
18224
18219
17927
17733
17617
139896
138626
138539
138459
138458
138419
137991
137962
137272
136601
136169
135577
135521
135066
135048
135008
134349
134214
133912
133891
133735
133622
133471
133470
133466
133387
132690
132253
132236
132142
131790
131475
131444
131195
131194
9890
9874
9656
9292
9247
64086
59349
59326
59241
58523
55843
55464
55430
45938
45736
45445
45166
45139
38860
38481
38028
37989
23856
23703
204284
200597
1825
18113
17886
17831
140592
140578
140052
139257
139028
138481
138345
138199
137870
137269
137182
137003
136892
136785
136537
136464
136439
135530
135418
135412
135411
135372
134998
134594
134171
134087
134082
133882
133850
133794
133587
133422
133391
133327
133210
133151
133134
133013
132739
132708
132472
132406
132402
132399
132396
132356
132265
132242
132053
132016
131582
131259
10120
10091
9731
7472
64003
59367
59210
58885
58795
58738
58722
58578
58562
58521
56274
56175
56173
56122
56114
56094
55562
55504
55497
55348
4631
45941
45934
45794
45505
45501
45477
45241
45143
38621
38489
38055
24552
24075
24038
24024
23864
23711
210205
18019
139895
139883
139829
139739
139709
139349
139291
139190
139062
138593
138588
138341
137948
137932
137904
137825
137567
137563
137476
137456
136968
136904
136606
136553
136261
136149
135600
135531
135291
135283
135161
135134
135014
135002
134663
134546
134534
134515
134407
134079
133942
133862
133728
133600
133541
133462
133456
133449
133411
133390
133058
133025
132824
132805
132804
132699
132526
132425
132398
132334
132281
132277
132047
131236
131217
10230
10074
23936
200897
139921
139677
139264
137838
137430
135103
132915
132237
