9318
4766
3786
23576
9957
38090
6619
9848
10158
9286
9457
1237
38091
138195
17579
18302
23563
9270
7562
4670
45400
38107
45974
38661
17841
10036
45396
9950
9842
4668
38701
23600
9858
9526
23599
17608
136209
10052
9959
9845
9764
9577
9488
7560
45382
45361
38688
23908
23596
23575
18305
18298
18158
18026
1781
17592
10197
10171
10160
10049
9976
9974
9967
9954
9952
9949
9871
9849
9784
9781
9776
9771
9761
9712
9709
9699
9694
9686
9647
9638
9634
9578
9571
9530
9524
9522
9317
7627
7558
55616
4665
4663
45403
45399
45374
4040
38703
38680
38667
38133
