37497
5713
37640
37680
328145
3741
37239
327983
328320
328137
327960
327781
328474
37271
16637
36994
37179
25818
2018
37564
11845
36874
10474
2905
328366
37474
328112
327782
327693
14115
37153
37358
37457
328471
37546
37168
37105
37028
36937
36916
37599
37417
37315
33762
328333
327901
327813
32437
37314
37172
37150
37053
32653
22355
7020
37673
37596
37333
37254
328317
328210
327987
327936
327849
327754
327751
37484
37479
37363
37276
37236
37055
36968
328512
328399
328214
328038
328037
328032
327991
327935
327907
327850
327733
10798
6968
6083
37670
37549
37542
37519
37399
37157
37049
37016
328441
328267
328220
328068
328045
