37497
5713
37640
37680
328145
3741
37239
327983
328320
328137
327960
327781
328474
37271
16637
36994
37179
25818
2018
37564
11845
36874
10474
2905
328366
37474
328112
327782
327693
14115
37153
37358
37457
328471
37546
37168
37105
37028
36937
36916
37599
37417
37315
33762
328333
327901
327813
32437
37314
37172
37150
37053
32653
22355
7020
37673
37596
37333
37254
328317
328210
327987
327936
327849
327754
327751
37484
37479
37363
37276
37236
37055
36968
328512
328399
328214
328038
328037
328032
327991
327935
327907
327850
327733
10798
6968
6083
37670
37549
37542
37519
37399
37157
37049
37016
328441
328267
328220
328068
328045
328013
327999
327897
327889
327880
327822
327804
3067
61092
37720
37675
37652
37634
37628
37525
37515
37439
37428
37402
37357
37356
37225
37199
36985
328461
328361
328334
328306
328270
328266
328262
328251
328209
328176
328064
328051
328039
327996
327988
327950
327909
327896
327826
327794
327698
21739
15022
37618
37482
328621
328608
328576
328526
328517
328473
328455
328444
328431
328423
328388
328337
328335
328170
328119
328024
327982
327894
327893
327812
327761
327750
327745
29918
22572
37656
37650
37368
37266
328598
328572
328529
328519
328518
328422
328350
328287
328216
328077
328074
328049
328023
328009
327984
327966
327962
327908
327872
327817
327737
26106
37653
37627
37412
37403
36919
328548
328538
328536
328507
328498
328468
328467
328437
328400
328373
328359
328351
328347
328346
328327
328323
328313
328242
328239
328229
328179
328178
328172
328164
328114
327961
327943
327939
327926
327892
327811
37523
36951
328624
328568
328524
328510
328417
328356
328341
328315
328255
328227
328204
328146
328125
328057
328001
327979
327922
327824
327808
327767
37658
37317
328336
328036
328278
328173
328156
4571
328197
327791
37691
36953
327772
37159
328575
328384
36898
328589
328501
328391
328275
328339
328167
328020
9129
36943
328446
328232
328174
23058
11744
37353
328544
328237
328082
12091
37387
37235
328633
328418
328397
328101
328043
327858
37121
328622
328483
327783
26754
37692
37663
33769
328560
328523
328513
328480
328456
328433
328285
328135
328106
328086
327715
18931
37668
37667
37639
37630
37624
37611
37520
37488
37411
37379
37352
37312
37302
37251
37180
37007
36983
328612
328449
328365
328312
328260
328246
328186
328163
328041
327923
327805
327787
327749
22386
11157
10393
8094
5734
37589
37501
37491
37438
37413
37394
37334
37316
37277
37275
37160
37130
37116
37079
36982
36980
36877
36871
328596
328562
328561
328537
328533
328521
328505
328487
328453
328450
328426
328409
328404
328386
328377
328375
328374
328371
328370
328364
328360
328349
328345
328314
328241
328231
328222
328218
328161
328157
328155
328130
328122
328120
328113
328078
328065
328030
328029
327998
327976
327967
327949
327946
327910
327840
327832
327726
327701
29975
28698
26422
22750
20011
19832
19232
18775
17148
13854
12258
10803
328206
