9318
4766
3786
23576
9957
38090
6619
9848
10158
9286
9457
1237
38091
138195
17579
18302
23563
9270
7562
4670
45400
38107
45974
38661
17841
10036
45396
9950
9842
4668
38701
23600
9858
9526
23599
17608
136209
10052
9959
9845
9764
9577
9488
7560
45382
45361
38688
23908
23596
23575
18305
18298
18158
18026
1781
17592
10197
10171
10160
10049
9976
9974
9967
9954
9952
9949
9871
9849
9784
9781
9776
9771
9761
9712
9709
9699
9694
9686
9647
9638
9634
9578
9571
9530
9524
9522
9317
7627
7558
55616
4665
4663
45403
45399
45374
4040
38703
38680
38667
38133
38125
3784
23554
18343
18326
18314
18164
17876
17862
17837
17834
17588
17583
1704
139281
10196
10185
10173
10167
10162
10073
10063
10058
10056
9980
9979
9977
9973
9972
9970
9968
9966
9965
9962
9960
9955
9948
9946
9944
9868
9866
9863
9861
9857
9856
9855
9854
9852
9847
9843
9841
9778
9777
9772
9767
9759
9757
9753
9708
9707
9703
9701
9696
9693
9692
9689
9684
9683
9646
9645
9644
9643
9642
9641
9640
9635
9633
9632
9631
9630
9629
9628
9579
9575
9532
9529
9528
9527
9523
9493
9492
9491
9490
9489
9459
9458
9455
9323
9321
9320
9274
9273
7626
7564
7563
7561
7557
55633
55631
55630
55628
55627
55625
55624
55622
55621
55620
55617
55615
55612
55611
55609
55606
55605
55602
55599
55598
55592
55586
55584
4961
4793
4790
4756
4664
46012
46010
46009
46003
46002
46000
45999
45996
45993
45989
45988
45987
45986
45984
45980
45979
45978
45971
45968
45966
45963
45560
45502
45409
45408
45406
45404
45401
45397
45394
45393
45391
45389
45385
45384
45381
45380
45379
45376
45375
45372
45370
45368
45364
45363
45360
4202
3976
38708
38706
38702
38698
38697
38696
38695
38694
38693
38692
38690
38687
38686
38684
38683
38677
38676
38675
38674
38673
38671
38668
38666
38663
38433
38430
38429
38428
38427
38426
38424
38421
38420
38418
38417
38416
38415
38414
38412
38411
38410
38409
38408
38407
38406
38405
38404
38403
38402
38401
38400
38399
38398
38396
38395
38394
38392
38391
38390
38389
38388
38387
38135
38131
38130
38129
38127
38126
38124
38122
38113
38112
38111
38110
38105
38104
38101
38100
38099
38098
38096
38095
38092
38089
38088
38087
3748
3608
2563
24509
24027
23983
23980
23975
23972
23971
23714
23601
23594
23593
23591
23590
23587
23586
23582
23581
23580
23573
23572
23570
23569
23568
23566
23564
23561
23558
23556
23555
18401
18373
18341
18338
18332
18331
18328
18325
18324
18323
18322
18317
18315
18309
18308
18307
18303
18300
18299
18295
18294
18169
18168
18038
18035
18034
18033
18032
18031
18028
18027
18023
17880
17878
17877
17874
17873
17870
17866
17863
17859
17857
17855
17852
17851
17850
17845
17844
17840
17838
17836
17616
17615
17614
17611
17605
17603
17602
17601
17600
17599
17596
17595
17594
17593
17591
17590
17589
17587
17585
17582
17581
17580
17576
17575
17567
138380
132380
10195
10194
10193
10192
10191
10190
10187
10184
10183
10182
10180
10179
10177
10174
10170
10169
10165
10161
10159
10156
10088
10072
10071
10069
10065
10064
10062
10060
10059
10055
10054
10053
10051
10045
10044
10043
10042
10041
10040
10039
10035
10034
9982
9981
9978
9975
9971
9958
9953
9951
9945
9943
9870
9867
9862
9860
9859
9853
9851
9850
9846
9844
9840
9783
9782
9780
9775
9774
9770
9769
9765
9763
9762
9760
9756
9754
9711
9710
9706
9704
9698
9697
9688
9685
9639
9574
9572
9569
9531
9525
9521
9494
9487
9454
9452
9319
9316
9277
9276
9275
9272
9271
7625
7624
7623
7622
7621
7559
55632
55629
55626
55623
55618
55614
55610
55604
55601
55597
55596
55593
55589
55587
55585
4792
4791
4669
46007
46006
46005
46004
45998
45992
45991
45990
45983
45977
45976
45973
45972
45407
45405
45402
45398
45388
45387
45377
45373
45366
45365
45362
38707
38705
38704
38700
38682
38681
38678
38669
38660
38434
38431
38425
3813
38123
38121
38120
38119
38118
38117
38114
38109
38106
38103
38102
38097
38093
38086
23990
23759
23743
23713
23668
23589
23588
23584
23579
23578
23574
23571
23553
23552
18337
18335
18334
18333
18330
18329
18321
18320
18319
18318
18313
18312
18310
18297
18176
18175
18029
17881
17875
17871
17869
17868
17867
17865
17864
17861
17858
17856
17854
17853
17849
17848
17846
17843
17842
17839
17833
17613
17612
17609
17607
17606
17598
17597
17586
17584
17578
17577
17574
17573
17570
140322
139648
131100
131099
131098
10198
10189
10188
10186
10176
10175
10166
10164
10157
10070
10066
10057
10050
10047
10038
10037
4671
