202365
34984
9121
48292
15924
21245
61135
12735
48011
43391
8517
59886
42926
43260
42910
199484
47123
39582
9021
51559
25145
12978
207787
9000
56582
34619
8685
6823
47894
47883
43356
33830
29399
28746
15798
12891
12444
8869
8386
62095
60721
59895
57152
5474
50941
50264
49861
48456
47524
47134
44565
44558
43352
41077
35079
3188
29434
25594
25323
209714
209490
209171
208417
207983
206556
206449
206119
204912
204736
203925
203377
201863
197328
197042
15656
15464
13138
9215
9074
8947
8831
8721
8678
8466
64447
62369
61420
61084
60250
60056
60027
59447
58295
58203
58151
57914
57834
5458
52093
51739
51703
51695
51625
51540
51435
51206
50875
50111
50090
50055
49879
49875
49632
49175
48895
47952
44028
43331
43242
43231
42868
42807
42701
42584
42421
42321
42287
42216
41999
41933
41902
41755
41735
40129
39841
39427
39172
39095
35547
35185
34755
34403
34117
33856
31689
31471
31307
29549
29262
29189
29144
29088
28967
28865
28781
2872
24891
210178
20967
209435
209380
209154
209088
208999
208880
20864
207629
207263
20649
206409
206163
205877
204348
204324
204209
203611
203289
202588
202505
202254
202130
201713
201688
201618
201411
201364
201178
201160
200006
199861
199812
199515
199333
198970
197894
197654
197143
1967
196627
16135
15897
134392
12794
12729
9095
8589
8467
8456
8363
6822
6707
62433
62211
62187
61966
61347
61345
61148
61132
60946
60896
60881
60847
60659
60607
60596
60369
60146
60096
60093
60083
59936
59887
59674
59490
59489
59487
58293
58183
58156
58127
58109
58059
57935
57886
57844
57600
56860
56727
56650
56643
52117
52033
51915
51729
51585
51575
51557
51533
51476
51361
51321
51174
51021
50913
50385
49887
49843
49840
49672
49563
49467
49177
49161
49126
49027
48953
48737
48319
47865
47387
47331
47294
47288
47190
47185
44922
44766
44713
44637
44389
44274
44261
43779
43716
43677
43582
43488
43479
43425
43417
43322
43300
43239
43210
43116
42999
42967
42736
42724
42716
42626
42338
42193
42083
42075
41801
41686
41683
41417
41324
41296
39615
39298
39253
38920
35474
35367
35331
34996
34987
34818
34736
34684
34593
34478
34418
34398
34162
33960
33910
31704
31674
31654
31645
31541
31486
31274
31085
30840
30758
30734
29483
29221
29060
2600
2592
25566
24944
24922
24667
21427
213301
210139
210107
210099
209853
209799
20978
209737
209727
209711
209447
209441
209371
209275
209189
209007
208972
208961
208952
208916
208821
208594
208485
208445
208425
208359
208095
208002
207782
207709
207620
207617
207582
207553
207519
207508
207459
207429
207342
207326
207213
207211
206991
206959
206887
206849
206806
206595
206561
206416
206375
206328
206192
206008
205961
205953
205951
205935
205893
205852
205829
205814
205782
205768
205757
205725
205424
205416
205399
205335
205192
204938
204918
204647
204529
204457
204079
204056
203810
203634
203606
203445
203399
203393
203271
203216
202991
202924
202900
202859
202790
202561
202557
202536
202494
202444
201928
201520
201336
201274
201086
201079
201064
201032
200977
200967
200774
200279
199984
199907
199608
199419
199366
199038
198511
198436
198417
198325
198208
197941
197916
197912
197906
197633
197597
197386
197130
196971
196837
196733
16069
15843
15819
15755
15390
13278
13204
13102
12908
12903
12861
12840
12777
12599
12296
208563
206938
205381
200334
