202365
34984
9121
48292
15924
21245
61135
12735
48011
43391
8517
59886
42926
43260
42910
199484
47123
39582
9021
51559
25145
12978
207787
9000
56582
34619
8685
6823
47894
47883
43356
33830
29399
28746
15798
12891
12444
8869
8386
62095
60721
59895
57152
5474
50941
50264
49861
48456
47524
47134
44565
44558
43352
41077
35079
3188
29434
25594
25323
209714
209490
209171
208417
207983
206556
206449
206119
204912
204736
203925
203377
201863
197328
197042
15656
15464
13138
9215
9074
8947
8831
8721
8678
8466
64447
62369
61420
61084
60250
60056
60027
59447
58295
58203
58151
57914
57834
5458
52093
51739
