51185
8220
3223
43531
9009
50300
8468
25160
62240
50763
6894
41811
25369
35266
41695
31742
28792
8426
15412
60945
30844
5413
15830
50384
1273
8403
39326
2856
61317
13122
8607
13213
13285
25178
47622
5400
44684
29017
61323
21371
13002
12496
25577
49375
2818
202297
8513
60890
3252
44981
201971
39179
203164
6717
42831
20860
16164
5089
35180
12678
6908
20712
9115
42689
31595
31727
29606
136620
13009
56595
25061
15533
13037
8897
3213
25180
41230
29668
47264
35228
24916
16082
31463
199330
12576
12390
5503
49425
45014
34442
21099
51945
42455
29527
8683
786
61231
47480
33920
30740
61049
60068
41033
34270
34066
33941
30827
8680
61012
51561
206483
8530
51043
48305
31472
12519
5631
51918
39356
31084
42353
41000
24594
8282
31708
16353
8902
41495
35826
25460
15773
59455
44611
39537
39175
25376
20799
61337
61124
51603
51055
44646
42228
21472
20915
198736
16376
6779
61215
56478
5564
51409
50287
21267
15510
13208
56329
50823
43013
39522
199713
197898
196881
15839
15766
62217
59659
57356
48945
41354
41107
34768
199659
16247
61081
56444
50023
49158
34119
29446
16303
62244
60800
60377
59933
56990
47998
43323
42543
29611
20596
203568
8950
57315
50468
44332
34967
206347
203421
199335
198440
60670
58273
47631
44356
42390
34407
31631
205917
201838
15692
8943
8851
8789
44965
44314
205892
204264
199481
198554
57653
51823
47474
42344
29452
202596
202119
201277
198781
39202
35437
206999
60255
49344
60868
59395
39498
35551
199204
15654
58226
5500
201126
48101
47999
35799
205389
201473
9140
206405
202020
60899
203416
5459
48825
59410
42909
30931
59439
201261
200507
16174
42705
42044
20952
206078
41379
51159
200639
199706
5607
29550
39875
200700
47704
41678
28757
21321
50957
57099
42010
205479
47762
41847
8553
21433
6660
29009
51782
201933
197669
51263
2529
60426
6067
203851
42004
34790
57276
44503
12290
44749
200083
42579
21396
8928
34555
34746
60610
15570
35575
8676
31655
210072
206924
59816
51048
47638
44980
208188
30914
208907
34660
29006
210283
201508
16162
31712
209635
206626
60793
30803
60079
59953
34979
64415
41103
39545
12775
12703
31641
206819
199283
9153
8190
42973
51406
47523
205996
8330
56745
5378
31445
207080
29457
201106
62406
39753
35788
24867
21339
51762
50088
50056
34164
205072
197520
62227
62059
43545
208393
12701
57586
50292
48910
43599
42040
51551
51329
50173
49823
47582
47121
205394
61373
5555
50889
31515
8444
62313
48463
24958
209199
208612
207195
199468
61138
5587
47987
44022
43338
43126
42009
28959
204558
199103
198426
60200
49683
49585
48591
44521
41477
39097
34931
29045
28939
25098
209484
20832
206576
16315
13005
8336
60758
60187
60102
60015
60011
58313
57168
51439
51318
47143
44574
43894
43207
42427
41415
34934
33854
29664
29575
29207
2830
24931
24778
2129
21054
208979
207654
206747
205544
204598
204523
201714
201542
201493
200961
199569
199516
198412
196674
16260
13216
12789
9179
9086
8838
8435
60977
60241
59876
56460
52129
51149
49882
49744
49572
49415
48961
48804
48620
48294
47443
47219
44371
44226
43950
43519
42931
42633
42332
41951
41489
39458
39335
39116
35425
35289
34922
34282
31474
31404
29646
29033
29016
28789
25464
21439
21369
210314
208638
207936
207162
206686
206232
205817
203795
203649
203443
203061
202917
202787
202597
201506
201358
200981
200614
200418
200365
200147
199775
199055
198328
197651
197529
196904
196722
15961
15641
13173
12658
12536
9084
8651
8619
8613
8457
6759
62262
61283
61247
61001
60969
60914
60825
60819
60653
60339
60120
60036
59907
59870
59836
59820
59711
59565
59445
58305
57878
57740
57002
56644
56396
51545
51489
50910
50882
50456
50432
50422
50202
50131
49758
49657
49485
49209
48954
48950
48570
48447
48083
47563
47351
47227
45033
44829
44745
44706
44568
44459
44292
44052
43979
43949
43408
43092
42466
42465
42330
42214
41400
41337
41231
41203
39884
39633
39550
39470
39341
39150
38966
38936
35707
35405
35399
35327
35071
34914
34499
33921
31562
31547
31493
30967
30909
30894
30762
29131
28846
28780
28695
28690
25421
25040
24865
21470
21459
21345
21301
21296
210206
208855
208621
208522
208098
207087
20705
20695
206939
206934
20679
206467
20629
206289
20577
205736
205514
205373
204979
204413
204353
204260
204050
203939
203483
203185
202466
202454
202443
202310
202167
202166
202149
201867
201862
201755
201573
201528
200994
199883
199164
198722
197594
197107
197039
197017
196778
196744
16050
15989
15917
15914
15769
15768
15677
132006
13126
9142
8791
8698
8669
8621
8586
8296
7
6859
64485
62417
62401
62299
62224
62195
62163
62145
62136
62021
61419
61341
61234
61226
61130
61097
61072
61070
61046
60963
60962
60933
60925
60898
60885
60760
60736
60648
60507
60469
60382
60297
60282
60257
60237
60228
60157
60103
60045
60038
60008
59952
59904
59902
59897
59849
59809
59803
59778
59764
59724
59717
59705
59619
59597
59581
58223
58188
58144
58102
57994
57907
57751
57669
57453
57408
57377
57307
57148
57022
56929
56730
56696
56637
56474
53335
52220
52215
52024
51965
51953
51926
51905
51845
51766
51720
51704
51572
51553
51313
51222
51059
51047
50965
50948
50888
50826
50746
50648
50605
50526
50445
50412
50286
50271
50246
50203
50152
50039
49958
49928
49829
49819
49793
49765
49751
49728
49694
49669
49454
49413
49354
49318
49229
49182
48967
48906
48639
48611
48549
48449
48273
48077
47971
47969
47906
47892
47813
47768
47754
47625
47611
47572
47549
47534
47318
47113
45028
44934
44931
44891
44795
44791
44782
44697
44671
44548
44481
44480
44403
44366
44305
44205
44169
43935
43924
43915
43872
43620
43584
43525
43520
43444
43442
43383
43355
43280
43251
43108
43059
43041
43014
42944
42880
42875
42513
42479
42217
42046
41988
41963
41936
41919
41866
41839
41596
41484
41436
41383
41362
41357
41321
40992
40968
39925
39849
39767
39477
39461
39414
39208
39103
39070
35838
35832
35831
35825
35791
35662
35650
35624
35559
35452
35269
35259
35008
34846
34728
34716
34697
34654
34640
34587
34523
34437
34350
34294
34253
34243
34099
34007
33975
33967
33860
3206
31665
31632
31459
31273
31270
31223
31220
31202
31198
31151
31015
31003
30943
30769
29676
29669
29626
29400
29214
29197
29164
29019
28914
28819
28786
28729
2589
25585
25582
25546
25050
25049
25048
25022
24949
24887
24775
24720
24669
24661
24633
22108
2147
21464
21423
213242
21260
21233
21208
21188
21160
210329
210216
210176
210101
210062
210054
209765
209761
20976
209723
209686
209611
209609
209568
20955
209452
209363
209258
209237
209220
209198
209177
209082
209080
209077
209043
208895
208878
20878
208697
208634
208577
208420
208379
208328
208311
208308
208307
208304
208130
208035
207856
207695
207673
207552
207520
207245
207194
207155
207120
207096
207039
206918
206798
206773
206754
206704
206681
20652
206372
206352
206237
206174
20617
206166
206146
206132
206067
206024
206007
205842
205804
205767
205765
205693
205654
205615
205609
205545
205468
205402
205294
205237
205177
205114
205098
205039
205011
205006
204945
204853
204819
204777
204731
204548
204486
204414
204322
204258
204242
204236
204204
204167
204103
204055
204045
203961
203897
203872
203818
203749
203652
203582
203425
203380
203354
203334
203317
203315
203204
203177
203171
203129
203121
203098
203094
203067
203056
203035
202978
202953
202907
202793
202695
202574
202529
202363
202241
202212
202206
202176
202161
202114
202052
202038
201902
201798
201546
201529
201478
201471
201375
201308
201304
201303
201301
201289
201287
201226
201117
200965
200905
200870
200705
200682
200564
200541
200047
200038
200008
199875
199828
199799
199764
199710
199675
199629
199559
199542
199479
199462
199455
199448
199385
199367
199286
199269
199196
199133
199131
198957
198850
198753
198723
198701
198623
198386
198382
198312
198142
198032
197872
197852
197832
197463
197409
197355
197320
197282
197104
197085
196962
196933
196839
196809
196745
16334
16238
16096
16085
15951
15865
15770
15689
15622
15601
15568
15490
15463
15375
139853
139324
13205
12884
12583
9191
9178
9161
9105
9090
8987
8942
8916
8871
8844
8689
8622
8577
8576
8419
8356
8276
8272
6911
6871
6842
6838
64474
64456
64451
64401
62408
62364
62346
62303
62267
62203
62172
62096
61977
61369
61281
61220
60981
60949
60851
60788
60739
60688
60677
60672
60618
60541
60477
60333
60271
60198
60194
60193
60105
60060
59918
59817
59806
59756
59676
59645
59638
59621
59617
59529
59493
59402
58246
58148
58040
57850
57784
57750
57672
57624
57551
57477
57228
57161
56739
56670
56640
56567
56565
56469
56467
56464
56367
56335
56325
5586
5552
52221
52200
52167
52148
52063
51946
51736
51713
51609
51526
51498
51490
51320
51221
51113
51100
51072
51063
51049
51005
50985
50972
50935
50930
50914
50841
50833
50813
50756
50743
50697
50656
50632
50510
50419
50063
50053
49978
49937
49898
49868
49846
49707
49559
49546
49503
49487
49324
49247
49212
49162
49138
49049
49026
48993
48902
48901
48888
48866
48771
48706
48704
48686
48682
48655
48632
48631
48588
48553
48513
48460
48412
48397
48375
48325
48254
48210
48182
48177
48090
48070
48003
47988
47978
47935
47871
47797
47744
47716
47712
47578
47571
47535
47492
47367
47130
45019
44971
44824
44801
44617
44504
44442
44426
44369
44308
44268
44176
44142
44110
44009
44008
43884
43863
43851
43838
43669
43635
43534
43486
43428
43422
43392
43298
43262
43259
43131
42987
42958
42733
42592
42536
42495
42359
42356
42167
42053
41896
41751
41614
41612
41570
41553
41548
41538
41493
41433
41380
41373
41367
41342
41246
41146
41021
41012
39921
39846
39717
39674
39627
39621
39620
39617
39584
39530
39451
39400
39389
39295
39192
39060
35822
35691
35670
35652
35554
35456
35433
35414
35299
35241
35106
35045
35017
34930
34920
34900
34825
34816
34745
34737
34675
34657
34649
34632
34623
34344
34134
34079
34026
34010
33981
33968
33953
33879
33859
31743
31672
31667
31659
31637
31487
31402
31398
31345
31256
31048
31021
30969
30938
30933
30930
30864
30756
30746
29474
29302
29297
29295
29219
29212
29180
29129
29120
29026
28934
28920
28863
28861
28837
28816
28715
28705
25588
25562
25470
25426
25343
25335
25310
25228
25135
25030
25006
24894
24851
24807
24742
24677
24650
24627
21448
21422
21346
213349
213339
213292
21218
21122
21118
21077
210310
210282
210279
210277
210258
210204
210087
210013
209999
209931
209899
209888
209864
209669
209574
209559
209526
209519
209507
209496
209372
209336
209329
209318
209249
209242
209183
209134
209113
209003
208934
208867
208833
208804
208802
208781
208687
208636
208632
208590
208589
208576
208564
208536
208524
208510
208507
208402
208386
208330
208254
208189
208180
208076
208064
208051
208036
208024
208010
207995
207976
207916
207907
207870
207841
20782
207804
207784
207755
207754
207748
207645
207534
20738
207345
207241
207189
207173
207088
207075
207072
207059
207045
207020
207009
206984
206976
206933
206931
206925
206870
206797
206688
206682
206671
206664
206646
206629
206547
206512
206509
206490
206335
206332
206327
206324
206317
206245
206233
206223
206187
206160
206144
206136
206062
206049
205900
205860
205848
205756
205739
205651
205630
205599
205565
205517
205486
205372
205360
205337
205311
205309
205283
205281
205265
205220
205109
205106
205064
205027
205026
204939
204826
204688
204640
204562
204476
204269
204239
204222
204193
204183
204139
204085
204044
204018
203987
203902
203898
203887
203850
203842
203812
203678
203661
203573
203461
203460
203452
203449
203397
203372
203258
203251
203235
203231
203128
203057
202964
202901
202867
202783
202751
202679
202630
202575
202527
202519
202517
202459
202312
202292
202282
202246
202235
202219
202178
201980
201941
201903
201855
201854
201773
201739
201536
201467
201437
201354
201353
201300
201243
201062
200973
200919
200876
200861
200837
200707
200660
200652
200552
200425
200328
200304
200280
200164
200124
199946
199944
199909
199903
199788
199766
199748
199717
199557
199555
199456
199379
199262
199245
199224
199165
199066
198864
198863
198823
198801
198719
198583
198567
198472
198362
198300
198222
198189
198075
198063
198047
198046
197976
197958
197913
197666
197591
197568
197407
197370
197342
197122
196990
196902
196875
196646
196628
16362
16351
16339
16293
16282
16032
15992
15845
15701
15572
15418
15395
15379
138177
137502
134536
13207
12967
12740
12708
12628
12613
12600
12513
59858
59799
56796
56708
51928
51391
51089
49962
49904
49134
47426
44954
44754
43689
41780
40986
35545
34202
30847
29478
213310
210285
210035
209956
209869
209808
209724
209645
209556
209500
209489
209417
209364
209300
209215
209022
208885
208483
208394
208385
208295
208242
208181
208150
208120
208079
207960
207925
207892
207716
207687
207586
207487
207480
207454
207328
207292
207268
207200
207158
206986
206919
206843
206731
206699
206202
205956
205947
205866
205749
205323
205152
205096
205058
205037
204604
204543
204491
204345
203801
203438
203146
202792
202791
202656
202590
202313
201129
201048
200898
200747
200299
199957
198082
136593
