51185
8220
3223
43531
9009
50300
8468
25160
62240
50763
6894
41811
25369
35266
41695
31742
28792
8426
15412
60945
30844
5413
15830
50384
1273
8403
39326
2856
61317
13122
8607
13213
13285
25178
47622
5400
44684
29017
61323
21371
13002
12496
25577
49375
2818
202297
8513
60890
3252
44981
201971
39179
203164
6717
42831
20860
16164
5089
35180
12678
6908
20712
9115
42689
31595
31727
29606
136620
13009
56595
25061
15533
13037
8897
3213
25180
41230
29668
47264
35228
24916
16082
31463
199330
12576
12390
5503
49425
45014
34442
21099
51945
42455
29527
8683
786
61231
47480
33920
30740
