48919
3326
35320
3255
35297
12883
6768
13249
12963
21497
15895
44600
8647
6876
34867
50581
25133
49824
25521
6849
28773
206053
25229
62206
6846
21488
43668
48422
34056
15497
3261
28910
39608
29491
48648
6886
48964
42518
12593
16066
13188
48641
43022
41039
34700
29107
25386
42905
41820
44416
42511
28907
12687
43110
35362
34251
31148
15626
6703
49588
6712
51069
44539
43139
35213
31272
21500
8788
42512
41320
41082
21219
15738
50115
47702
8192
56400
41018
24703
50579
48239
42331
41360
35614
34187
25372
21312
200000
15377
6723
59536
49183
44291
41710
28994
15595
8343
52191
43554
41165
31343
25482
51500
44383
42396
30886
29067
60860
50130
48278
41540
31725
30860
25505
25143
204384
12998
57883
51273
49461
44628
43656
41435
24812
21100
8870
61297
59613
50204
49125
45043
43380
42352
42104
41967
39130
34312
31633
29062
24593
21379
16223
13307
59492
57864
57422
50643
43658
43418
43409
43384
41985
34259
34058
209116
207656
20539
197726
12530
59497
56972
56404
50392
49223
48683
43320
41168
39928
34092
3202
201094
198356
196777
12773
8779
8258
60777
60754
57049
52003
51784
50487
49720
49029
48243
44894
44827
42510
42088
39862
39065
34265
33817
3254
25150
21257
205673
204293
203980
198224
8856
60359
58196
56600
51972
51314
49620
43967
43576
43047
42723
41631
40983
35795
34743
29534
25500
24995
209002
204684
204619
202165
197131
60839
57033
56347
52180
51380
50856
50803
49465
48915
43312
41096
30779
25526
204485
203447
201872
200582
197221
197058
60953
56522
56354
51742
49038
44482
42602
31061
209065
208525
20850
207114
198227
8601
56401
51357
49984
48438
48117
47379
42711
42504
34214
29102
28858
210071
20833
206907
203008
196645
15645
12548
61240
60173
51903
44863
43332
43103
42798
21437
202756
12294
56835
51528
50864
48882
48323
43502
42546
41119
34661
24945
204288
198720
196957
13032
12788
12662
51950
44629
43633
43586
41285
29203
29074
207085
20590
20516
204957
204875
202388
197610
6681
61371
57982
56851
56485
51216
48957
48897
48229
48004
47898
47809
45025
44800
43764
42600
42419
41987
39848
39199
34359
34248
29031
28974
24896
21310
207889
197880
197781
196705
196638
15721
15461
9205
8461
6807
62028
61117
59577
58221
57999
57944
57197
56668
56543
56399
56386
52212
51962
50401
50281
49227
49204
49019
48533
48440
48385
48178
47598
47283
43896
42918
42458
42146
41737
41600
41375
41305
39512
39422
39066
35714
35365
35352
35319
35144
35067
34814
34190
31360
29382
29275
25385
24893
21131
209863
206513
205145
204889
204573
204540
199440
198108
197738
197522
197125
196924
15800
13121
12986
64481
60455
59636
59564
59485
58271
58055
57985
57981
57601
57519
56932
56899
56526
56423
51993
51959
51851
51848
51672
51253
50981
50927
50569
50303
50298
49971
49631
49444
49389
48759
48730
48672
48589
48094
47939
47795
47788
47743
47725
47517
47513
47361
44798
44668
44664
44526
44411
44333
44209
44049
43773
43742
43309
43258
43133
43067
43049
43017
42620
42379
42350
42052
41910
41871
41784
41709
41665
41656
41478
41350
41323
41009
39822
39762
39722
39513
39431
39315
39230
39223
39056
35804
35530
35524
34877
34792
34786
34355
34094
34065
33999
33927
31556
31531
31305
31069
30954
29683
29443
29320
29186
29012
28790
28776
28750
25529
25315
25299
25210
25071
24881
24872
24758
24725
24682
21189
21151
210056
209946
209922
209912
209907
209630
209115
20897
208557
208515
20714
20660
205318
205268
204788
204722
204584
204455
202969
202103
202026
201836
201482
201380
201039
200337
199450
199313
199263
198505
198491
198168
198162
198033
197253
197228
197002
196906
196851
196831
196682
16327
15742
15577
15458
12700
9202
8811
8494
8274
64490
64455
64454
64418
62427
62327
62259
62181
62146
62117
62066
61988
61986
61959
61354
61344
61116
61034
60990
60746
60419
60298
60030
59956
59781
59762
59652
59618
59593
59500
59392
58309
58099
58032
58021
58015
57924
57686
57670
57605
57545
57544
57498
57493
57441
57349
57341
57311
57285
57102
57093
57025
57005
56907
56872
56824
56823
56818
56812
56797
56716
56688
56605
56558
56524
56492
56489
56459
56439
56435
56385
56370
56362
56359
56352
5593
5530
52213
52151
52125
52114
52074
52071
52066
52045
52032
51937
51917
51875
51874
51824
51794
51738
51652
51622
51597
51511
51387
51279
51252
51197
51153
50896
50848
50847
50831
50748
50633
50576
50459
50362
50361
50325
50297
50211
50127
50073
50027
50004
49903
49817
49804
49757
49703
49662
49622
49599
49561
49319
49213
49139
49087
48845
48756
48711
48656
48650
48649
48637
48595
48560
48420
48330
48312
48230
48217
48045
47940
47900
47811
47772
47722
47705
47664
47526
47463
47415
47403
47359
47243
47170
45045
45044
45022
44950
44930
44921
44884
44873
44857
44750
44723
44710
44695
44687
44686
44616
44461
44456
44390
44352
44321
44235
44122
44119
44019
44010
43998
43981
43972
43864
43789
43774
43543
43497
43496
43472
43416
43405
43301
43175
43143
43137
43124
43109
43050
42824
42719
42714
42702
42655
42563
42545
42530
42489
42469
42430
42394
42327
42301
42259
42164
42134
42112
42068
42057
42041
41940
41932
41834
41791
41781
41685
41599
41586
41583
41510
41502
41485
41328
41317
41260
41244
41172
41150
41129
41115
41027
40978
39916
39908
39747
39742
39685
39667
39644
39528
39468
39445
39443
39331
39329
39299
39147
39128
39096
39049
38961
35781
35731
35688
35583
35345
35325
35296
35273
35050
34870
34776
34742
34715
34668
34603
34579
34448
34379
34323
34204
34142
33851
3279
31560
31542
31489
31468
31193
31158
31145
31091
31035
31023
31016
31009
30891
30859
30849
30735
29574
29559
29496
29436
29375
29342
29335
29249
29215
29213
28996
28975
28724
2601
25398
25282
25269
25256
25193
25174
25165
25141
25099
25053
25000
24999
24882
24685
24681
24610
24579
21376
21343
21256
21096
210330
210316
210294
21029
210241
210092
210068
210064
210049
209977
209941
209914
209845
209825
209818
20979
209748
209742
209732
20971
209647
209595
20950
209398
20934
209229
209213
209074
208876
208846
208558
208531
208494
208467
208347
208232
208067
208038
207986
207931
207930
20790
207896
207802
207577
207488
207451
20709
206638
206540
206462
206326
206112
206110
205962
205957
205656
205459
20536
205266
205188
205048
205013
204929
204815
204608
204549
204541
204408
204370
204294
204283
204256
204240
204108
203706
203666
203477
203430
203149
203088
202668
202538
202504
202483
202404
202383
202353
202302
202279
202244
202198
201920
201803
201104
200814
200381
200288
200049
199908
199447
199431
199351
199098
198987
198845
198754
198600
198532
198359
198337
198293
198251
198238
198215
198179
198152
198109
197978
197923
197688
197643
197602
197512
197490
197477
197454
197433
197388
197373
197341
197255
197172
197073
197035
196977
196975
196953
196947
196939
196934
196877
196864
196850
196824
196767
196741
196740
16181
16044
16005
13281
13202
13106
13053
13027
12872
12706
12639
12545
12438
12397
9213
9164
9131
8854
8753
8719
8654
8381
8207
6877
64406
62384
62360
62231
62091
61997
61965
61384
61357
61316
61312
61163
61101
61004
60918
60386
60326
60313
60225
60159
59768
59671
59646
59602
59594
59585
59575
59567
59531
59478
59468
59461
58332
58297
58244
58199
58184
58164
58119
58066
58054
57995
57991
57962
57960
57954
57949
57899
57894
57887
57830
57825
57804
57787
57774
57726
57709
57703
57697
57682
57679
57659
57612
57599
57582
57479
57442
57398
57384
57330
57270
57242
57234
57167
57100
57076
57001
56978
56944
56918
56756
56751
56676
56673
56663
56652
56649
56639
56622
56610
56607
56587
56527
56525
56465
56446
56433
56429
56428
56421
56415
56394
56321
52206
52190
52182
52179
52178
52171
52131
52103
52052
51995
51963
51930
51866
51858
51743
51734
51725
51694
51611
51591
51522
51518
51475
51367
51315
51194
51180
51157
51124
51122
51016
50956
50899
50879
50861
50842
50808
50780
50772
50751
50730
50662
50649
50574
50560
50499
50494
50480
50479
50375
50373
50305
50288
50221
50165
50161
50106
50074
50052
50043
50012
50005
49995
49982
49883
49827
49803
49747
49746
49710
49589
49570
49511
49491
49480
49445
49337
49332
49327
49306
49224
49168
48962
48923
48911
48892
48880
48783
48748
48696
48693
48665
48664
48644
48587
48557
48471
48437
48411
48377
48317
48279
48272
48127
48082
48081
48031
48010
48006
47984
47926
47919
47889
47801
47800
47799
47786
47753
47752
47678
47673
47651
47629
47550
47475
47434
47349
47315
47306
47266
47245
47235
47182
47124
45042
45017
44952
44897
44892
44878
44866
44837
44742
44737
44673
44633
44630
44584
44538
44495
44487
44443
44434
44379
44351
44350
44344
44340
44336
44318
44304
44294
44269
44255
44240
44171
44137
44117
44078
44032
44005
43936
43880
43815
43786
43753
43748
43744
43743
43580
43485
43481
43411
43400
43361
43348
43310
43206
43163
43145
43123
43120
43086
43051
42982
42906
42883
42865
42802
42799
42782
42768
42671
42648
42641
42590
42564
42556
42534
42501
42441
42434
42393
42292
42250
42222
42195
42159
42138
42126
42095
42066
42054
42051
42014
41972
41917
41914
41911
41875
41873
41867
41813
41773
41771
41758
41724
41684
41649
41645
41588
41568
41565
41550
41544
41513
41467
41422
41316
41308
41288
41283
41166
41084
41081
41062
40965
39859
39851
39810
39772
39769
39748
39720
39695
39681
39680
39623
39558
39546
39471
39413
39348
39325
39300
39297
39262
39247
39189
39169
39127
39084
39071
39027
38960
38946
38931
35800
35748
35737
35633
35602
35588
35586
35533
35523
35442
35412
35406
35381
35341
35340
35308
35279
35245
35166
35123
35081
34933
34859
34787
34633
34605
34399
34280
34278
34136
34118
34077
34046
33978
31685
31598
31593
31504
31475
31469
31447
31437
31388
31387
31378
31350
31347
31234
31206
31187
31173
31149
31113
31077
31072
31062
31044
31000
30822
30790
30771
29688
29663
29637
29618
29599
29597
29576
29508
29475
29421
29389
29376
29325
29242
29187
29181
29146
29130
29128
29116
29095
29044
29035
29013
28926
28830
28804
28681
2864
25503
25498
25456
25448
25403
25235
25199
25183
25155
25119
25118
25015
24857
24664
24609
21432
21390
21374
213389
21308
21228
21087
21075
210327
210186
210185
210177
210138
210119
210073
210037
209971
209952
209937
209691
209607
209593
209548
209501
20949
209487
209233
209221
209205
209155
209121
209117
209107
209106
208978
208941
208852
208791
208643
208538
208435
208433
208405
20839
208369
208279
208194
208167
208139
20796
207858
207830
207690
207677
207560
207558
207475
207422
207416
207403
207305
207123
20699
206975
206964
206791
206621
206544
206424
205946
205753
205692
205513
205420
205364
205255
205178
205172
20515
205127
205028
204892
204856
204789
204725
204685
204682
204553
204531
204461
204289
204197
204148
203948
203781
203716
203654
203332
203303
203016
202879
202497
202390
202362
202291
201948
201626
201260
201184
201041
200787
200357
200354
200333
199500
199491
199127
199013
198820
198684
198665
198647
198640
198633
198593
198566
198488
198429
198402
198395
198338
198323
198314
198253
198124
198085
198030
197967
197945
197901
197751
197743
197707
197684
197681
197578
197576
197561
197488
197481
197424
197364
197361
197348
197335
197327
197287
197278
197254
197251
197241
197222
197203
197192
197175
197171
197159
197129
197067
197015
196863
196860
196829
196825
196808
196790
196758
196665
196632
196629
16213
15929
15821
15785
15772
15713
15683
15596
15386
13107
13023
12933
12803
12792
8695
60334
49191
43344
42780
210132
207301
206777
206304
204743
204711
202436
202267
202266
202171
202144
200106
