48919
3326
35320
3255
35297
12883
6768
13249
12963
21497
15895
44600
8647
6876
34867
50581
25133
49824
25521
6849
28773
206053
25229
62206
6846
21488
43668
48422
34056
15497
3261
28910
39608
29491
48648
6886
48964
42518
12593
16066
13188
48641
43022
41039
34700
29107
25386
42905
41820
44416
42511
28907
12687
43110
35362
34251
31148
15626
6703
49588
6712
51069
44539
43139
35213
31272
21500
8788
42512
41320
41082
21219
15738
50115
47702
8192
56400
41018
24703
50579
48239
42331
41360
35614
34187
25372
21312
200000
15377
6723
59536
49183
44291
41710
28994
15595
8343
52191
43554
41165
