6939
174
3356
36236
6233
57695
36351
13786
7018
64271
16552
3549
6461
209
2914
701
4323
14061
14537
14907
1820
46887
30132
6453
40805
2828
19754
20473
3491
7489
13335
22773
32097
53828
32787
11404
11708
42
15169
19653
1239
32934
7029
2906
20115
10310
19551
15133
1798
19151
32354
16509
46997
4181
8075
54113
54004
32590
21859
54574
33438
29802
6507
714
54994
2635
14361
13414
7342
46489
22822
55256
36408
30081
6079
702
3856
36692
10796
33353
62955
1828
22697
5650
293
40676
27446
33491
23367
29838
23393
63949
2686
14340
26415
40627
2381
29791
46786
27471
46562
54825
19679
12041
23473
11039
53340
23520
112
30103
12189
3561
1351
40630
7015
13649
33651
7922
63440
63399
13896
14413
13536
23005
11427
26667
47065
32261
7385
63199
20278
16839
20080
53264
33182
22363
33132
397143
13760
12200
11686
32709
20144
25605
32425
7850
7160
11164
46450
33667
13984
62713
62715
32098
2687
11179
33287
27281
2152
3402
18676
30094
10282
30419
14127
11537
55002
33657
703
44977
62
4004
36131
36086
23738
19324
11796
7795
20001
62597
393950
33531
19186
36182
27630
26554
13789
13445
398131
396986
7016
17378
33597
15164
27552
12129
12083
6181
6082
53334
31800
27064
23352
19108
11096
17088
11426
4258
33659
33668
396253
15008
72
6128
5738
62887
2044
62805
29933
22616
8100
26073
21928
6621
33363
26744
11351
6423
36040
19009
18747
27257
30517
2711
23470
23033
40065
63293
3580
10913
33660
25899
11383
33652
17113
62642
15305
1280
19024
5056
2734
22691
13876
101
7725
33650
22925
22911
16713
12182
600
14551
13367
396356
36459
33517
22300
8002
7782
62904
2688
53597
12042
3737
16921
11232
16524
8047
7843
63023
35908
14333
20205
17054
12271
33490
14244
8001
33011
32748
306
7979
394065
33662
25885
22742
10912
62943
33445
31950
7459
6421
40120
226
21947
14265
12179
55259
394957
26801
11051
6325
3754
36062
18888
14928
14877
13977
12025
10753
7381
396158
237
202
11492
11403
6315
397983
3908
3573
32217
25956
16406
14609
26935
26827
20021
10242
47096
40633
26459
2153
20055
12008
26496
22645
137922
13767
6614
55081
4927
46455
395354
35916
33154
32703
32244
23089
19229
18779
16876
16740
1541
53813
27647
23404
19782
10835
64208
3361
3112
22909
14717
11071
7752
62856
3701
21508
19318
18616
15211
14745
11272
10674
10578
10466
63290
54119
36012
32869
19855
18450
14744
12085
10594
8757
6922
63452
6130
53767
40511
40220
30340
26548
20340
20141
16477
13739
13331
10490
395853
36224
32035
27008
22561
18530
13576
11758
11722
7784
4922
40861
31769
27400
26282
25751
22702
22418
19969
17185
14630
14589
14380
14041
81
7332
6456
62512
57
32621
32212
26803
26223
20454
19905
19189
14742
13329
12222
11114
63242
55039
40528
3910
36374
32751
32708
30036
21719
20394
19740
19689
18647
15224
14325
11274
668
63383
40545
3742
30041
23175
23154
22335
21743
13427
11924
11280
64200
5078
394102
3900
3842
36416
27202
23550
19116
16584
14793
14371
12180
11550
64227
64213
40948
3999
394437
393552
36222
33724
27066
26038
23265
23138
22987
15084
11377
11090
10886
10848
54054
53948
53780
46276
4043
33616
32444
30496
29748
27589
26794
26088
23148
22850
20474
16591
13370
11486
11233
7349
63298
53869
4546
40387
40244
33211
19783
18978
17310
16905
14978
14492
14211
132134
11123
63124
63069
6134
54506
54290
53591
40495
396914
394581
394449
394018
3601
35985
33005
32181
31877
29990
21525
19750
17048
13917
13807
62838
53610
394749
394141
33588
33483
32505
30076
26156
25905
19893
16553
14627
14230
14051
14010
10973
8121
7819
7754
4581
4474
36213
36149
33362
31857
26792
23486
16904
15177
13868
11742
55193
398223
396097
3557
32415
31898
30630
27611
2685
20214
19165
18568
16912
16652
15085
13825
13359
11922
10947
109
8092
6300
62663
55182
4983
4557
4150
395466
393713
36678
33247
32204
27065
19930
17017
16851
14593
10423
6623
62708
62622
54588
53708
5009
4385
396919
396040
395662
393565
36734
36280
32440
26484
22442
21632
19518
19464
19019
16409
13855
6643
54600
40285
394330
3853
367
36352
26446
2495
23467
23316
23059
22625
20326
19637
17253
16657
16417
14743
11170
10302
7849
7106
7046
62668
55219
54483
53727
5050
46375
395478
393350
3663
36584
30614
30447
26878
26370
25761
23274
22438
2
17117
16559
13951
13792
11776
10430
64241
62874
54540
53292
5091
46925
46849
40773
40581
40300
395823
393238
36327
32899
3
29863
27017
23171
22299
18712
17231
13490
11855
11320
11046
10910
6122
5726
55140
54048
53865
46435
46261
40428
395880
3479
33619
33606
33489
297
21976
17223
16734
14638
12033
10993
7772
62646
55270
46811
46416
397031
395470
3480
31863
30282
29834
27026
25961
2386
23314
22772
22351
210
19834
19197
18541
17012
16880
16625
1554
14860
14713
14103
13778
13354
11191
11142
11062
7226
62935
40217
394977
394111
393226
36640
35994
33422
32808
3128
30688
29884
26380
22388
21777
21734
20464
17356
17306
15191
1421
14203
14201
13776
12257
11019
10780
8015
7270
6653
62947
46632
46475
40317
40107
394659
36198
3512
30372
27566
26558
2572
22646
22379
21534
20249
1733
17143
16832
16724
14288
13979
13790
13333
11996
11757
10794
10361
7091
63031
62833
6223
6059
5693
46573
40703
40498
40160
395505
394744
393676
36730
35986
3465
33544
30600
26076
25975
2544
22792
22518
22302
21782
21547
18683
16815
14477
13857
13693
12177
11976
11240
10879
7430
6404
63112
6220
54535
5
46844
3949
393225
36103
36016
35847
33661
30548
276
27506
27435
27364
27258
27216
27193
25934
22489
22283
20150
20081
19812
19807
19528
19092
18859
1785
1767
17227
17216
16700
14135
14037
13791
13703
12125
11414
10455
8057
7862
6556
6295
5662
55247
54363
53907
46847
40913
397046
393954
393423
33189
32614
31939
30383
29944
26652
26512
26464
26068
260
25694
22717
22402
20448
19694
19257
18786
18701
1766
17228
17225
17018
16925
15108
14701
14116
11911
11158
8103
7726
7393
7224
63474
6336
63270
62600
6253
557
55293
53571
46208
40934
40702
40111
40015
396300
394968
3676
36492
3614
35928
33680
33604
33522
32880
32145
30437
27553
27385
26994
2698
26978
26077
25795
25649
2559
23465
23308
23248
22549
22362
21874
21737
20412
19527
19460
19310
18596
17229
15267
15011
14746
13415
1294
12284
11915
11317
11228
10437
100
1
7896
7363
7247
7155
7034
6498
6468
6360
6307
5666
55264
54665
54538
53766
53698
5006
46506
46313
46269
46163
41378
4136
40526
40513
40339
4
396998
396926
396422
396238
395363
395301
394973
394695
394497
3728
3599
32867
32798
32528
32475
32329
32160
30337
30175
27467
2722
26949
26646
26344
26094
25853
22787
22781
22332
22216
22205
22071
21595
1982
195
19366
19331
19047
18883
18880
18723
17158
16966
16875
16789
160
15301
15149
14828
14762
14263
14224
14043
13431
13368
12112
12089
11854
11174
11054
11045
10587
10397
7828
745
7296
7219
7000
6994
64260
6419
6389
63362
63186
63018
62958
6169
567
54822
53985
53850
53845
4913
46886
4600
4549
398202
398044
396855
395753
394976
393681
393220
3912
36421
36385
36001
34939
3421
33742
33654
33442
33387
33302
32906
32537
32448
32319
32062
31972
31747
30640
30536
30475
30286
302
30071
27330
27321
2721
270
26940
26725
26673
26654
26479
26225
25844
25843
25615
22898
22604
22103
22097
203729
20258
19531
19512
19368
18516
17232
17073
17044
17035
16967
1678
16567
16504
15129
14969
14615
14586
1449
14365
14237
13806
13765
13729
12181
12075
11995
11979
11767
11714
11528
11195
10991
10764
10666
103
8
7991
7786
6979
6620
6473
64252
6373
62929
62785
62575
62537
5740
54327
54155
54154
54103
54098
53848
53712
53620
4901
47002
46832
46309
46186
4267
4195
40824
40375
40089
397881
397715
396480
395831
395516
3955
395434
395266
394265
393626
393347
3738
36687
36614
36489
36412
36315
36271
36032
35914
33717
33666
33570
33548
33383
30666
30524
30247
30174
30110
30029
29960
27325
27263
27205
27204
2707
27027
26881
26769
26485
26347
26211
26178
26057
25938
24
23036
22921
22612
22606
22556
22534
22414
22284
21789
21766
21527
206
199386
19817
19693
1968
19397
19255
19154
19133
19050
18994
17330
17293
17197
17151
17139
16942
16399
15320
15250
15188
15165
15054
14919
14454
14398
14297
14210
14163
14148
14048
13971
13925
13823
13692
13684
13658
13524
13458
13448
1321
125
12178
12
11986
11650
11521
10599
10461
10352
10297
8116
8025
7941
7926
7838
7415
7345
7341
7257
7243
721
715
71
7054
6640
6582
6536
6428
64245
6366
6364
63311
63252
63060
62917
62915
62795
62731
62660
62523
6167
6
5760
5742
555
54816
54778
54578
54312
53997
53830
53758
53755
5033
50069
4867
46672
46606
46110
46
4319
4261
40620
40459
40123
40076
40068
398065
397990
397945
397781
395719
395502
395378
395194
395110
394808
394140
393507
393398
3801
3680
36776
36444
36394
36184
35913
3450
33257
32782
32743
32625
32592
32575
32397
32034
31807
30682
30362
30170
30165
29962
29954
29854
29765
2882
27626
27543
27501
27447
27345
27298
27294
27285
2728
27224
27195
27015
26914
26689
2639
26363
26292
26245
26114
25888
25878
25660
25625
23500
22769
22764
22744
22667
22663
22653
22557
22317
22258
22241
22191
22024
21886
21866
21688
21686
20413
2021
20187
19950
19796
1931
19306
19305
19239
19237
19174
18943
18692
18618
18608
18438
1742
17389
17303
17213
17184
17161
17043
17011
16842
16838
16807
16653
16645
16638
15347
14821
14782
14602
14525
14343
14328
14120
14110
13821
13750
13659
13581
13499
13480
13409
1249
12213
12152
11956
11870
11857
11696
11685
11661
11472
11428
11313
11264
11086
11074
10883
10690
9
8008
7832
7806
7753
7743
7453
7246
7138
7014
6448
64266
64238
6372
63473
63264
63174
63039
6303
62802
62632
62571
62566
6203
6140
6045
5972
55043
55011
54676
54650
54579
54519
54434
54240
54201
54128
54036
54020
53831
53667
53587
53454
53407
53285
47018
46784
46723
46494
46160
46131
46093
4583
4556
4539
4459
4249
4243
40883
40731
40443
40413
40393
40328
40237
40144
40026
397423
397326
397138
396021
395954
395555
395279
395092
394625
394506
394453
394156
393330
3911
3762
3755
3685
36683
36589
36436
36295
36234
36089
36024
3598
35937
35906
35884
3527
3477
3464
3455
33748
3371
33695
33480
33470
33127
33083
33071
33064
32806
32732
32567
32550
32546
32542
32522
324
32323
32308
32286
32268
32030
31902
31845
3064
30633
30418
30417
30263
30122
30082
29997
29866
29848
29846
29844
29813
2912
27541
27405
27377
27287
26585
26451
26395
26324
26277
26121
26063
26001
25951
25921
25854
2535
23413
23342
23260
23251
23225
23027
22958
22919
22687
22446
22330
22324
22180
22179
22107
22098
22006
21965
21832
21808
21758
21693
21581
20398
20029
19881
19878
19844
19833
19773
19704
1970
19602
19416
19404
19115
18934
18656
18602
18523
18501
18434
17374
17025
17003
16999
16941
16728
16618
16526
1647
16467
15278
15042
15019
14898
14669
14633
14613
14495
14430
14418
14363
14206
14161
14155
14042
1399
13904
13722
136800
13588
13511
13443
13428
133144
1261
12276
12269
1226
1224
12184
12161
12145
12142
12119
12102
12052
11994
11939
11904
11892
11847
11817
11746
11745
11734
11691
11653
11608
11409
11255
11251
11245
11178
11168
11127
11057
11042
11030
11013
10755
10655
10584
88
8149
8038
7968
7925
7867
7859
7297
7148
70
6949
6597
64294
64267
64262
64223
6405
6379
637
63405
63343
63210
6318
63168
63152
63119
62886
62710
62627
62614
62568
6256
62532
62500
62488
6195
6118
6099
6062
59
5719
5661
55251
55216
55156
55086
55082
55064
55009
55
54985
54963
54876
54821
54573
54366
54238
54107
54006
53975
53973
53941
53740
53706
53703
53582
53508
53433
53368
53352
53316
53301
4868
47095
47
46892
46864
46760
46749
46746
46744
46692
46667
46601
46556
46454
46446
46250
46231
46193
46155
4544
4373
43204
4265
4263
4208
4196
40841
40833
40735
40715
40565
40464
40371
40289
40276
40262
40185
40151
40138
39939
397934
397554
397095
397088
396966
396450
396362
396251
396204
396151
396106
395846
395839
395734
395627
395597
395567
395565
395403
395176
394996
394883
394770
394729
394621
394545
394434
394380
394351
394201
394161
394070
393960
393895
393731
393717
393639
393513
393512
393494
393490
393451
393442
393316
393279
3820
3789
3714
36847
36813
36671
36466
36433
36329
36324
36306
36259
36253
36204
36136
36112
35977
35946
3593
35891
34
33734
33561
33512
33481
33459
33274
33264
33152
33047
33045
32890
32780
32691
32654
32467
32461
32418
32407
32385
32365
32334
32326
32304
32110
32086
32022
31976
31893
31834
310
30612
30432
30303
30264
30241
30238
30162
30124
30083
30032
30021
29889
29831
29732
29
27582
27531
27475
27390
27336
27264
27240
27178
27021
26989
26961
26959
26931
26854
26785
26709
26695
26685
26662
26650
26476
26461
26455
26385
2637
26367
26328
2631
2615
26134
25955
25909
25896
25875
25829
25717
25715
25687
25674
25673
25655
25637
25627
2532
23490
23472
23410
23391
23340
23338
23304
23188
23172
23127
23118
23088
22926
22883
22808
22775
22728
22674
22637
22598
22546
22511
22346
22208
22075
22065
22062
22048
22005
22003
21973
21922
21755
21660
21646
21636
2162
21615
2159
21509
21504
20385
20333
20251
20130
200
19993
1998
19919
19898
19874
19857
19830
19747
19687
19661
19615
19541
19443
19406
19383
19381
19380
19342
19254
19137
19021
18918
18874
18787
18757
18741
18733
18672
18649
18615
18598
18594
18577
18566
18540
18465
1842
18254
1818
17366
17359
17338
17077
17064
17014
16940
16931
16805
16681
16668
16617
16610
16491
16391
156
15234
15229
15139
15135
15092
15038
15029
15013
14990
14870
14839
14832
14576
14543
14506
1443
14381
14291
14085
13993
13938
13837
13830
13746
13631
13628
13607
13464
13460
13446
13416
13412
13380
12260
12229
12211
122
12163
12130
12098
12087
1204
12028
12007
12005
11970
11966
11941
11809
11773
11766
11763
11733
11711
11687
11649
11525
11483
11452
11417
11374
11336
11279
11227
111
10934
10896
10717
10695
10694
10689
10494
10464
10457
10431
10355
8188
8161
8120
8069
7975
7955
792
7829
7820
7767
773
7423
7386
7310
7276
7250
7235
7227
7203
7194
7124
7116
7065
6650
6566
6481
64242
64233
64225
6368
6363
63468
63427
63410
63402
63391
63335
63328
63325
63287
63276
63217
63201
63182
63142
63116
63103
63086
63045
63010
62966
6296
62957
62884
62819
62813
62728
62712
62702
62698
62693
62650
62588
62587
6254
62533
62468
6224
6209
6200
6188
6111
6103
6095
6086
6075
6071
6035
6025
59519
589
5723
5715
558
55274
55253
55236
55209
55135
55127
55125
55095
55091
55083
55044
55032
54978
54947
54945
54934
54933
54932
54900
54840
54839
54829
54799
54753
54690
54671
54661
54646
54607
54591
54571
54548
54489
54478
54456
54408
54381
54321
54301
543
54293
54257
54246
54225
54187
54092
54069
54061
54058
54040
53991
53989
53926
53847
53837
53786
53721
53720
53718
53713
53699
53687
53675
53652
53641
53626
53595
53535
53506
53449
53429
53416
53373
53345
53276
53274
53272
5098
5080
5049
4940
4884
47063
47028
47001
46973
46940
46846
46754
46687
46655
46616
46568
46552
46491
46379
46372
46353
46347
46342
46340
46328
46303
46282
46263
46202
46111
46106
46085
4563
4318
4314
42615
4237
4193
4192
4190
4130
40954
40951
40943
40926
40878
40804
40639
40636
40612
40585
40584
40551
40547
40457
40444
40410
40395
40391
40386
40342
40175
40157
40150
40147
40128
40102
40009
39961
39957
39945
397751
397732
397726
397665
397651
397571
397496
397444
397373
397182
397142
396939
396922
3967
396503
396434
396403
396307
396249
396034
396026
395976
395973
395971
395942
395941
395914
395802
395747
395717
395556
395439
395425
395366
395359
395336
395291
395244
395228
395218
395148
395126
395098
395003
395000
394983
394950
394907
394902
394900
394899
394896
394869
394855
394805
394767
394628
394546
394471
394424
394356
394308
394213
394183
394178
394122
394105
394080
394028
394010
393946
393892
393853
393839
393813
393780
393775
393737
393667
393628
393592
393516
393474
393436
393434
393417
393415
393340
393335
393299
393259
393241
3914
3851
3826
3778
3688
36846
36843
36753
36746
36742
36714
36712
36595
36486
36443
36333
36249
36243
36203
36180
36057
36054
35967
35962
35934
35917
35894
35873
35872
3585
35849
3389
3379
3378
33749
33675
33635
33629
33598
33586
33543
33536
33499
33494
33415
33358
33234
33206
33168
33167
33155
33144
33097
33084
33080
33058
33014
33004
33001
32984
32982
32958
32957
32931
32912
32889
32833
32829
32720
32662
32641
32587
32577
32554
32531
32477
32458
32402
32382
32361
32312
32281
32270
32225
32222
32220
32162
32083
32067
32066
32064
32058
32025
31996
31929
31923
31921
31841
31822
31783
31776
30691
30560
30551
30532
30509
30497
30495
30494
30444
30367
30363
30330
30328
30283
30278
30260
30221
30219
30215
30188
30171
30164
30148
30145
30121
30109
30070
30059
30047
30046
30031
30030
30027
30018
30012
30009
30004
29971
29930
29891
29888
29886
29873
29870
29855
29787
29762
29716
29713
29709
29700
2923
27537
27455
27453
27425
2731
2730
27288
27283
27250
27235
27225
27185
27176
27166
27153
27067
27046
27006
26991
26950
26945
26941
26882
26876
26863
26848
26831
26822
26793
26762
26721
26664
26651
26557
26549
26541
26535
26529
26478
26457
26453
26420
26410
26406
26402
26375
26364
26342
26304
26271
26265
26241
26209
26167
26163
26159
26151
26144
26135
26133
26120
26100
26074
26043
26039
26034
25969
25932
25930
25836
25813
25780
25755
25740
25720
25712
25678
25670
2567
25665
25653
25651
25645
25640
2552
2534
23532
23516
23509
23503
23496
23463
23433
23423
23422
23414
23377
23355
23296
23282
23268
23250
23205
23137
23097
23038
23028
23024
23023
22990
22907
22903
22847
22844
22804
22768
22747
22709
22640
22631
22626
22596
22593
22580
22537
22530
22510
22470
22408
22370
22364
22347
22326
22276
22260
22132
22116
22106
22077
22064
22043
22001
21993
21989
21981
21942
21896
21881
21803
21788
21699
21648
21627
21622
21580
21554
2140
20355
20347
20338
20337
20330
20325
20313
20298
20264
20197
20127
20057
20042
20004
19996
19934
19931
19920
19886
19864
19800
19738
19721
19701
19690
19622
19605
19574
19556
19510
19504
19428
19367
19360
19275
19273
19261
19210
19207
19152
19149
19131
19112
19045
19036
19023
18990
18893
18865
18848
18807
18798
18791
18777
18718
18708
18690
18669
18632
18597
18590
18504
17406
17394
17390
17385
17377
17361
17317
17301
17275
17248
17240
17210
17206
17190
17178
17144
17085
17032
16980
16947
16910
16863
16830
16825
16803
16758
16746
16698
16695
16677
16616
16604
16599
16574
16568
16565
16463
16455
16432
16403
16392
1610
1605
15307
15221
15202
15176
15153
14938
14904
14901
14899
14864
14824
14822
14818
14767
14747
14733
14721
14689
14652
14610
14605
14601
14585
14550
14521
14437
14436
14382
1436
14335
14332
14313
14226
14193
1415
14147
14062
14045
13994
13990
13943
13887
13886
13871
13860
13845
13819
13783
13781
13745
13728
13720
13702
13694
13630
13620
13617
13555
13530
13496
13476
13462
134521
1339
13376
13364
13348
13346
1313
1311
1277
12273
12253
12196
12176
12154
12147
12109
12097
12068
12022
12019
11990
11975
11942
11910
11856
11740
11724
11690
11676
11620
11598
11577
11560
11557
11385
11372
11360
11353
11323
11312
11307
11300
11283
11222
11215
11203
11188
11166
11115
11068
11003
10982
10975
10837
10806
10745
10723
10718
10692
10668
10653
10583
10511
10489
10480
10453
10444
10411
10326
10250
97
92
8148
8119
8097
8068
8018
800
7973
7954
7949
7915
7914
7810
7800
7764
7741
77
7448
7384
7377
7366
7352
7336
7328
7306
7262
7256
7213
7183
7171
7170
7152
7151
7133
7098
706
6966
6954
6947
6932
6924
6646
6580
6569
6559
6528
6522
6493
64288
64287
64255
64236
64228
64204
6349
63480
63479
63462
63457
63446
63442
63436
63428
63418
63415
6341
63406
63403
63401
63390
63381
63371
63370
63346
63336
63329
63323
63321
63296
63291
63266
63255
63251
63243
63237
63225
63222
63219
63190
63188
63154
63151
63141
63140
63138
63125
63107
63085
63050
63032
63027
63016
63014
63
62994
62964
62909
62900
62897
62891
62882
62868
62859
62830
62814
62812
62811
62804
62798
62759
62753
62750
62746
62736
62727
62724
62723
62709
62701
62697
62690
62665
62638
62631
6263
62616
62586
62557
62539
62505
6250
62489
62481
62479
62478
62474
62469
6216
6210
6199
6189
6143
613
6109
6102
6091
6072
6056
6034
5927
5774
5767
5758
5733
5707
5669
5659
5653
5647
55291
55290
55287
55278
55263
55257
55248
55244
55234
55229
55214
55203
55199
55173
55157
55131
55122
55117
55112
55106
55104
55098
55096
55092
55079
55075
55071
55049
55034
55013
54996
54995
54989
54949
54896
54893
54886
54864
54857
54855
54845
54804
54803
54787
54781
54775
54769
54767
54747
54739
54735
54695
54682
54635
54618
54583
54545
54531
54508
54481
54474
54469
54464
54447
54440
54436
54420
54417
54405
54396
54391
54380
54374
54373
54357
54341
54329
54318
54313
54303
54286
54272
54271
54269
54259
54229
54226
54215
54210
54185
54177
54174
54152
54142
54135
54111
54100
54090
54086
54079
54077
54067
54039
54013
53998
53978
53944
53943
53938
53934
53927
53897
53893
53890
53881
53873
53858
53838
53819
53809
53802
53787
53782
53768
53752
53748
53746
53726
53722
53697
53695
53694
53664
53656
53602
53580
53559
53536
53533
53524
53515
53513
53501
53488
53483
53478
53466
53439
53436
53435
53423
53410
53392
53380
53360
53281
53280
510
5048
5008
4996
4965
4917
4905
4880
47657
47089
47087
47084
47079
47068
47064
47057
47038
47020
47000
46985
46984
46977
46964
46950
46917
46895
46873
46867
46860
46851
46842
46830
46821
46817
46814
46798
46792
46788
46766
46738
46691
46680
46670
46648
46646
46639
46636
46621
46595
46589
46579
46555
46531
46528
46520
46513
46512
46504
46461
46458
46453
46443
46436
46429
46423
46411
46401
46394
46392
46378
46373
46361
46357
46354
46341
46323
46286
46279
46262
46256
46248
46209
46197
46154
46152
46142
46132
46125
46121
46108
4576
4574
4566
4543
4511
44685
4445
4436
4393
4374
4364
4354
4298
4269
4264
4262
4246
4232
4179
40933
40923
40917
40911
40907
40892
40885
40875
40872
40866
40847
40845
40844
40839
40837
40827
40819
40812
40807
40800
40772
40764
40763
40752
40732
40729
40716
40695
40693
40655
40641
40631
40615
40604
40579
40572
4057
40569
40523
40515
40499
40479
40467
40460
4046
40458
40417
40412
40408
40402
40400
40396
40390
40380
40353
40349
40346
40311
40292
40288
40281
40266
40252
40248
40238
40212
4021
40196
40195
40181
40171
40170
40139
40074
40061
40059
40054
40051
40049
40038
40017
40016
400
39991
39988
39984
39968
39965
39960
39948
39938
398258
398125
398107
398105
398104
398086
398022
397900
397891
397869
397866
397808
397787
397719
397708
397655
397650
397640
397635
397604
397522
397521
397520
397519
397516
397515
397514
397513
397464
397451
397401
397354
397323
397295
397289
397252
397185
397146
397103
397062
397038
397027
397020
397019
397016
397010
396921
396911
396865
396850
396843
396833
396536
396533
396513
396493
396484
396379
396371
396358
396310
396285
396274
396258
396241
396220
396202
396190
396184
396177
396167
396160
396145
396140
396123
396122
396121
396112
396085
396077
396073
396046
396028
396024
396019
396016
396002
396000
395980
395974
395949
395927
395890
395884
395837
395828
395826
395822
395814
395795
395784
395774
395757
395748
395727
395720
395702
395686
395610
395592
395563
395562
395534
395530
395526
395523
395515
395504
395498
395492
395487
395483
395474
395473
395437
395433
395428
395415
395412
395404
395389
395382
395375
395368
395341
395337
395333
395323
395313
395273
395270
395252
395251
395226
395210
395204
395183
395178
395166
395153
395139
395100
395082
395060
395054
395044
394993
394984
394972
394959
394944
394941
394933
394923
394916
394901
394889
394868
394864
394858
394851
394844
394841
394835
394832
394828
394816
394814
394792
394750
394746
394708
394699
394687
394633
394620
394609
394592
394587
394563
394552
394548
394540
394526
394524
394516
394511
394493
394492
394479
394473
394467
394452
394446
394439
394427
394404
394399
394353
394336
394334
394325
394321
394318
394316
394314
394307
394306
394301
394298
394297
394281
394260
394240
394238
394195
394187
394174
394171
394127
394121
394118
394114
394109
394099
394098
394094
394092
394073
394049
394027
394025
394012
394011
394001
394000
393997
393967
393965
393951
393925
393920
393914
393912
393908
393871
393856
393844
393833
393832
393814
393808
393773
393768
393765
393759
393743
393740
393729
393710
393708
393689
393675
393670
393640
393619
393612
393604
393603
393591
393590
393587
393567
393559
393558
393546
393544
393536
393521
393518
393492
393489
393465
393455
393447
393439
393420
393396
393380
393365
393355
393344
393341
393339
393322
393320
393307
393303
393301
393295
393278
393233
3931
3926
3921
3807
3800
3785
3756
3745
3713
3707
3700
36857
36854
36835
36825
36821
3681
36808
36798
36794
36761
36758
36745
36740
36724
3671
36695
36690
36688
36667
36658
36644
36637
36610
36603
36573
36551
36524
36523
36515
36498
36490
36488
36473
36471
36458
36454
36432
36413
36410
36364
36363
36344
36341
36336
36335
36293
36265
36246
36221
36210
36207
36201
36188
36174
36109
36105
36104
36102
36075
36063
36051
36020
35997
35953
35944
35929
35918
35855
35852
3565
3544
3538
3482
3457
345
3428
3401
3388
3377
33759
33753
33743
33730
3372
33703
33692
33691
33643
3364
33627
33623
33565
33540
33527
33523
33519
33501
33486
33476
33430
33420
33419
33409
33395
33378
33377
33373
33371
33365
33359
33350
33327
33304
33282
33268
33260
33259
33252
33227
33222
33208
33179
33161
33156
33149
33134
33131
33125
33111
33103
33089
33082
33072
33069
33059
33050
33
32987
32980
32953
32951
32932
32928
32916
32908
32870
32851
32837
32832
32831
32805
32786
32779
32778
32770
32765
32727
32726
32719
32713
32701
32696
32688
32674
32671
32669
32661
32647
32627
32617
32591
32540
32530
32504
32485
32478
32466
32442
32432
32419
32417
32413
32410
32403
32400
32391
32390
32389
32388
32372
32369
32337
32295
32278
32263
32257
32256
32249
32231
32205
32195
32172
32158
32155
32152
32136
32115
32104
32101
32096
32094
32074
32071
32059
32053
32029
32027
32013
32009
32
31997
31984
31977
31965
31964
31952
31922
31911
31892
31882
31875
31871
31853
31824
31817
31793
31791
31787
31785
31777
31770
3145
31
3081
30712
30703
30685
30678
30676
30674
30665
30641
30639
30627
30622
30620
30613
30607
30601
30598
30593
30588
30574
30570
30555
30521
30510
30470
30459
30457
30456
30449
30448
30413
30404
30390
30377
30359
30354
30334
30325
30320
30313
30298
30276
30262
30259
30258
30257
30233
30202
30200
30197
30150
30142
30140
30108
30091
30090
30072
30061
30060
30043
30013
300
29996
29995
29994
29993
29991
29987
29979
29970
29968
29967
29963
29951
29946
29941
29919
29917
29900
29899
29892
29878
29874
29828
29826
29825
29803
29794
29784
29767
29766
29757
29756
29746
29733
29729
29725
29704
29702
2939
2903
2894
2824
2768
27646
27632
27631
27621
27594
27592
27591
27536
27529
27521
27514
27483
27482
27461
27459
27434
27427
27422
27414
27401
27399
27393
27391
27383
27370
27365
27358
27343
27326
27320
27313
27311
27296
27292
27277
27271
2723
27229
27219
27170
27139
27138
27137
27044
27033
27003
26995
26984
26967
26962
26956
26954
26925
26919
26909
26898
26897
26891
26887
26886
26885
26857
26845
26842
26820
26818
26815
26811
26781
26779
26777
26764
26759
26751
26735
26727
26723
26716
26710
26705
26691
26688
26658
26637
26633
26630
26588
26584
26536
26524
26517
26511
26503
26488
26462
26447
26439
26435
26427
26425
26419
26404
26381
26362
26353
26351
26341
2634
26337
26327
26325
26314
26312
26283
26269
26264
26259
26255
26254
26253
26244
26239
26235
26234
26229
26224
26200
26189
26166
26137
26097
26084
26054
26036
26028
26012
26008
26
25997
25985
25977
25968
25967
25963
25959
25952
25942
25936
25935
25924
25923
25895
25892
25883
25876
25864
25851
25850
25840
25837
2583
25808
25807
25801
25791
25786
25777
25769
25766
25764
25763
25754
25753
25746
25738
25709
25697
25683
25682
25681
25679
25667
25634
25632
25617
25611
23766
23734
23539
23521
23492
23478
23474
23435
23412
23409
23408
23394
23387
23374
23371
23349
23336
23330
23310
23305
23280
23255
23254
23249
23247
23233
23227
23204
23199
23185
23183
23178
23177
23166
23165
23162
23157
23155
23141
23134
23100
23093
23090
23081
23079
23078
23050
23047
23045
23030
23019
23018
23010
23004
23000
22992
22989
22985
22983
22976
22949
22937
22915
22904
22891
22870
22866
22857
22855
22834
22809
22795
22794
22785
22774
22753
22752
22738
22734
22727
22720
22711
22696
22688
22680
22648
22638
22624
22609
22601
22599
22594
22592
22591
22586
22579
22562
22552
22517
22490
22479
22469
22464
22460
22458
22439
22422
22416
22406
22403
22390
22389
22385
22384
22378
22375
22361
22344
22336
22334
22319
22298
22297
22293
22282
22268
22266
22246
22243
22234
22230
22202
22192
22184
22181
22167
22159
22155
22153
22150
22147
22135
22127
22110
22104
22102
22093
22084
22070
22057
22035
22034
22027
22023
22020
22002
21982
21970
21963
21954
21953
21938
21918
21889
21877
21869
21858
21856
21837
21814
21798
21792
21752
21750
21745
2173
21727
21717
21691
21678
21673
21672
21669
21663
21657
21650
2165
21623
2161
21602
21591
21584
2158
21558
21556
21543
21528
21
20479
20478
20466
20446
20438
20426
20423
20400
20397
20395
20383
20381
20376
20374
203690
20351
203439
20343
20339
20328
20308
20303
20289
20284
20262
20257
20252
2025
20247
20238
20235
20230
20229
20228
20201
20171
20170
20168
20165
20162
20139
20125
20118
20101
20100
20099
20089
20077
20066
20062
20060
20058
20040
2003
20018
20003
20
19999
1999
19982
19970
19955
19951
19940
19936
19918
19907
19858
19856
19819
19808
19806
19803
19802
19780
19771
19744
19726
19691
19685
19683
19658
19652
19648
19643
19631
19627
19624
19616
19609
19604
19603
19578
19576
19546
19545
19500
19482
19468
19437
19417
19352
19335
19323
19321
1932
19312
1929
19285
19256
19240
19236
19233
19224
19222
19216
19214
19203
19201
19194
19188
19170
19157
19153
19111
19105
19099
19088
19083
19067
19065
19043
19035
19008
19001
19
18980
18973
18961
18957
18948
18947
18937
18930
18929
18916
18915
18911
18906
18903
18898
18896
18872
18849
18845
18843
18827
18820
18816
18808
188
18795
18760
18717
18715
18709
18697
18689
18684
18674
18670
18663
18659
18646
18636
18631
18624
18585
18581
18570
18567
18564
18550
18548
18529
18522
18515
18484
18478
18474
18469
18467
18459
18443
18433
18066
18
1761
1747
17386
17382
17381
17365
17362
17348
17318
17314
17285
17274
17270
17268
17247
17234
17226
17202
17199
17195
17194
17189
17166
17157
17150
17140
17130
17119
17116
17078
17076
17060
1706
17049
17038
17008
16992
1699
16988
16987
16981
1696
16958
16955
16952
16948
16939
16938
16930
16928
16920
16919
16914
16890
1689
16886
16868
16858
16841
16818
16816
16813
16801
16799
16795
16793
16787
16784
16778
16773
16770
16763
16760
16733
16719
16717
16715
16711
16710
16692
16688
16676
16673
16669
16659
16654
16628
16613
16609
16582
16561
16560
16557
16542
16539
16538
16527
16525
16518
16511
16502
16501
16490
16489
16473
1646
1641
1640
16384
1635
1620
1613
161
1606
16
15359
15358
15356
15342
15336
15324
15303
15297
15293
15277
15265
15263
15251
15248
15244
15228
15225
15205
15190
15154
15119
15113
15111
15106
15081
15073
15072
15053
15047
15033
15009
15003
14995
14987
14982
14959
14951
14948
1494
14935
14932
14923
14897
14890
14882
14880
14879
14862
14792
14787
14784
14773
14766
14763
14755
14753
14738
14734
14729
14727
14725
14707
14696
14693
14681
14639
14635
14614
14590
14556
14518
14467
14443
14433
14417
14415
14414
14390
14388
14386
14383
14374
14360
14352
14330
14329
14327
14299
14279
14277
14242
14241
14238
14228
14223
14222
1422
1419
14182
14174
14160
1414
14131
14128
14121
1411
14088
1408
14073
14058
14057
14056
14055
14052
14044
14038
14034
14012
1401
14006
14003
14002
14001
13998
13996
13989
1397
13963
13955
13928
13919
13913
13907
13906
13897
13893
13882
13866
13843
13833
13812
1380
13782
137437
13740
13730
13713
13698
13695
13683
13660
13654
13652
13639
13624
13614
13549
13548
13546
13541
13532
13517
13492
13491
13485
13483
1348
13471
13451
13450
13391
13369
13363
13337
13330
13326
13325
13322
133052
127
1252
12286
12275
12272
12266
12261
12250
12247
12244
12243
12242
12236
12234
12231
12226
12223
12220
12210
12185
12173
12171
12169
12155
1215
12148
12137
12134
12133
12128
12118
12090
12082
12076
12050
12044
12024
1201
12001
11962
11961
11954
11940
11899
11895
11882
11881
11880
11878
11875
11872
11863
11853
11840
11827
11826
11798
11753
11743
11731
11730
11719
11716
11713
11699
11681
11667
11659
11651
11641
11637
11629
11621
11596
11590
11563
11540
11534
11524
11520
11517
11516
11512
11509
11501
11499
11495
11465
11455
11437
11402
11396
11379
11347
11334
11333
11328
11319
11318
11302
11298
11286
11278
11276
11261
11250
11248
11235
11221
11218
11212
11207
11167
11160
11144
11135
11133
11132
11126
11120
11093
11067
11049
11047
11015
11009
10998
10990
10971
10969
10968
10967
10958
10943
10931
10882
10857
10844
10843
10823
10730
10708
10685
10676
10662
10660
10615
10564
10561
10497
10445
10440
10425
10421
10406
10405
10379
10359
10349
10348
10325
10322
10309
10298
10273
10271
10240
10
98
91
87
85
8180
8175
8173
8164
8159
8137
8134
8132
8131
813
8104
8071
8059
8029
8010
7996
7988
7970
797
7961
7960
7936
7932
7921
7911
7872
7871
7847
784
7839
7834
7821
7818
7809
78
7799
7792
7775
7774
7761
7748
7735
7723
7455
7412
7397
7380
7362
7358
7354
7334
7333
7324
7317
7314
7301
7300
7281
7268
7258
7254
7253
724
7238
7234
7221
7215
7212
7202
7181
7165
7163
7158
7153
7150
7146
7143
7142
7127
7105
7078
7068
7064
7060
7055
7045
7030
7024
7011
700
6999
6998
6989
6984
6983
6973
6971
6946
6943
6941
6938
693
6912
683
6652
665
6647
6645
6618
6594
6576
6553
6524
6521
6510
65
6482
6479
6459
6434
64293
64283
64281
64280
64277
64275
64261
64257
64251
64250
64247
64244
64243
64240
64239
64235
64230
64226
64224
64212
64203
64202
64
6377
6367
6356
6355
63483
63482
63481
63476
63475
63472
63471
63467
63465
63464
63456
63455
63454
63451
63450
63448
63445
63443
63438
63435
63433
63431
63430
6343
63425
63424
63422
63413
63412
63407
63404
63398
63397
63389
63388
63382
63380
63374
63373
63369
63365
63364
63358
63357
63353
63345
63344
63342
63341
6334
63333
63326
63324
63319
63315
63314
63306
63305
63303
63302
63299
63295
63294
63286
63285
63283
63280
63277
63275
63267
63254
63253
63249
63245
63244
63241
63238
63234
63229
63224
63215
63214
63209
63206
63205
63204
63198
63196
63193
63191
6319
63177
63176
63172
63169
63167
63166
63165
63163
63161
63160
63156
63148
63147
63146
63143
63137
63135
63123
63120
63117
63111
63110
63109
63106
63102
63100
63098
6309
63083
63078
63077
63075
63071
63070
63067
63063
63062
63059
63058
63057
63056
63054
6305
63048
63044
63033
63029
63015
63013
63012
63009
63006
63005
63000
62995
62991
62989
62988
62986
62983
62978
62977
62974
62971
62968
62961
62959
62953
62952
62951
62949
62945
62944
62942
62941
62938
62932
62928
62920
62918
62907
62905
62901
62892
6289
62889
62885
62880
62873
62872
62870
62867
62861
62857
62841
62832
62827
62821
62818
62817
62809
62808
62807
62801
62800
62797
62792
62784
62783
62776
62774
62773
62765
62763
62749
62744
62743
62739
62738
62737
62735
62733
62729
62721
62719
62718
62714
62711
62707
62703
62695
62691
62689
62688
62685
62683
62682
62681
62680
62674
62673
62672
62671
62664
62659
62656
62652
62647
62644
62643
62641
62640
62637
62636
62630
62629
62621
62620
62613
62611
62610
62609
62608
62598
62585
62583
62570
62565
62561
62559
62553
