6939
174
3356
36236
6233
57695
36351
13786
7018
64271
16552
3549
6461
209
2914
701
4323
14061
14537
14907
1820
46887
30132
6453
40805
2828
19754
20473
3491
7489
13335
22773
32097
53828
32787
11404
11708
42
15169
19653
1239
32934
7029
2906
20115
10310
19551
15133
1798
19151
32354
16509
46997
4181
8075
54113
54004
32590
21859
54574
33438
29802
6507
714
54994
2635
14361
13414
7342
46489
22822
55256
36408
30081
6079
702
3856
36692
10796
33353
62955
1828
22697
5650
293
40676
27446
33491
23367
29838
23393
63949
2686
14340
26415
40627
2381
29791
46786
27471
